string,date,year_type,date_2,year_type_2,predicted_year,years_pre,md_level,section word count
"### | تقديم فضيلة الدكتور أحمد بن معبد عبد الكريم
",000,False,000,False,False,False,1,1481
"### | الباب الأول 
",000,False,000,False,False,False,1,4
"### | منهج العمل في تحقيق الكتاب
",000,False,000,False,False,False,1,6
"### | منهج العمل في تحقيق الكتاب
",000,False,000,False,False,False,1,1594
"### | 1 - 
",000,False,000,False,False,False,1,5
"### | 2 - 
",000,False,000,False,False,False,1,21
"### | 3 - 
",000,False,000,False,False,False,1,52
"### | 4 - 
",000,False,000,False,False,False,1,314
"### | الباب الثاني الحافظ الضياء
",000,False,000,False,False,False,1,8
"### | الفصل الأول: مصادر ترجمة الحافظ الضياء.
",000,False,000,False,False,False,1,42
"### | الفصل الأول مصادر ترجمة الحافظ الضياء
",000,False,000,False,False,False,1,349
"### | الفصل الثاني ترجمة الحافظ الضياء من ""تاريخ الإسلام""
",000,False,000,False,False,False,1,12
"### | قال الذهبي
",000,False,000,False,False,False,1,620
"### | ذكر تصانيف الضياء
",000,False,000,False,False,False,1,467
"### | الفصل الثالث ثناء العلماء على الحافظ الضياء
",000,False,000,False,False,False,1,737
"### | الفصل الرابع شيوخ الحافظ الضياء في كتاب ""الأحكام""
",000,False,000,False,False,False,1,1785
"### | 15 - 
",000,False,000,False,False,False,1,20
"### | محمد بن محمود بن محمد بن أحمد الرويدشتي ""
",000,False,000,False,False,False,1,243
"### | الفصل الخامس من مشاهير الحفاظ الذين رووا عن الحافظ الضياء
",000,False,000,False,False,False,1,1726
"### | الفصل السادس مؤلفات الحافظ الضياء
",000,False,000,False,False,False,1,172
"### | 2 - 
",000,False,000,False,False,False,1,121
"### | 1 - 
",000,False,000,False,False,False,1,17
"### | 2 - 
",000,False,000,False,False,False,1,23
"### | 3 - 
",000,False,000,False,False,False,1,27
"### | 4 - 
",000,False,000,False,False,False,1,23
"### | 5 - 
",000,False,000,False,False,False,1,25
"### | 6 - 
",000,False,000,False,False,False,1,25
"### | 7 - 
",000,False,000,False,False,False,1,17
"### | 8 - 
",000,False,000,False,False,False,1,594
"### | 1 - 
",000,False,000,False,False,False,1,31
"### | 2 - 
",000,False,000,False,False,False,1,22
"### | 3 - 
",000,False,000,False,False,False,1,15
"### | 4 - 
",000,False,000,False,False,False,1,15
"### | 5 - 
",000,False,000,False,False,False,1,1484
"### | 46 - 
",000,False,000,False,False,False,1,26
"### | خروج الترك"".
",000,False,000,False,False,False,1,458
"### | 55 - 
",000,False,000,False,False,False,1,25
"### | ذم المسكر 
",000,False,000,False,False,False,1,942
"### | 73 - 
",000,False,000,False,False,False,1,22
"### | ""الصفوة في التصوف"" 
",000,False,000,False,False,False,1,278
"### | 79 - 
",000,False,000,False,False,False,1,19
"### | عوالي الأسانيد"" 
",000,False,000,False,False,False,1,382
"### | 91 - 
",000,False,000,False,False,False,1,50
"### | ""فضائل القرآن 
",000,False,000,False,False,False,1,1571
"### | 139 - 
",000,False,000,False,False,False,1,14
"### | ""الموافقات"" 
",000,False,000,False,False,False,1,547
"### | الباب الثالث ""السنن والأحكام عن المصطفى عليه أفضل الصلاة والسلام""
",000,False,000,False,False,False,1,61
"### | الفصل الأول توثيق نسبة كتاب ""الأحكام"" إلى الحافظ الضياء
",000,False,000,False,False,False,1,25
"### | 1 - 
",000,False,000,False,False,False,1,46
"### | 2 - 
",000,False,000,False,False,False,1,35
"### | 3 - 
",000,False,000,False,False,False,1,30
"### | 4 - 
",000,False,000,False,False,False,1,22
"### | 5 - 
",000,False,000,False,False,False,1,125
"### | 6 - 
",000,False,000,False,False,False,1,228
"### | الفصل الثاني اسم الكتاب وحجمه
",000,False,000,False,False,False,1,10
"### | أولا: اسم الكتاب:
",000,False,000,False,False,False,1,219
"### | ثانيا: حجم الكتاب:
",000,False,000,False,False,False,1,417
"### | الفصل الثالث منهج الحافظ الضياء في كتاب ""الأحكام""
",000,False,000,False,False,False,1,1725
"### | الفصل الرابع مصادر كتاب ""الأحكام""
",000,False,000,False,False,False,1,119
"### | أولا: مصادر الأحاديث والآثار:
",000,False,000,False,False,False,1,24
"### | أ- مصادر الأحاديث والآثار المسندة
",000,False,000,False,False,False,1,60
"### | أ- مصادر الأحاديث والآثار المسندة
",000,False,000,False,False,False,1,1200
"### | ب- مصادر الأحاديث والآثار التي ذكرها الحافظ الضياء بغير إسناد
",000,False,000,False,False,False,1,1555
"### | ثانيا: الأئمة الذين نقل عنهم الحافظ الضياء في التعليق على الأحاديث والآثار 
",000,False,000,False,False,False,1,1311
"### | الفصل الخامس أهمية كتاب ""الأحكام"" للضياء
",000,False,000,False,False,False,1,362
"### | 2 - 
",000,False,000,False,False,False,1,37
"### | 3 - 
",000,False,000,False,False,False,1,41
"### | 4 - 
",000,False,000,False,False,False,1,32
"### | 5 - 
",000,False,000,False,False,False,1,26
"### | 6 - 
",000,False,000,False,False,False,1,34
"### | 7 - 
",000,False,000,False,False,False,1,41
"### | 8 - 
",000,False,000,False,False,False,1,53
"### | الفصل السادس بين ""أحكام الضياء"" و""منتقى الأخبار"" للمجد ابن تيمية
",000,False,000,False,False,False,1,957
"### | 1 - 
",000,False,000,False,False,False,1,25
"### | 2 - 
",000,False,000,False,False,False,1,13
"### | 3 - 
",000,False,000,False,False,False,1,16
"### | 4 - 
",000,False,000,False,False,False,1,262
"### | الفصل السابع بين ""أحكام الضياء"" و""الأحكام الكبرى"" للمحب الطبري
",000,False,000,False,False,False,1,1261
"### | الفصل الثامن التوصيف العلمي للنسخة الخطية
",000,False,000,False,False,False,1,989
"### | كتاب الطهارة
",000,False,000,False,False,False,1,4
"### | باب المياه
",000,False,000,False,False,False,1,14
"### | 1 - 
",000,False,000,False,False,False,1,24
"### | 2 - 
",000,False,000,False,False,False,1,12
"### | 3 - 
",000,False,000,False,False,False,1,28
"### | 4 - 
",000,False,000,False,False,False,1,48
"### | 5 - 
",000,False,000,False,False,False,1,57
"### | 6 - 
",000,False,000,False,False,False,1,46
"### | 7 - 
",000,False,000,False,False,False,1,76
"### | 8 - 
",000,False,000,False,False,False,1,68
"### | 9 - 
",000,False,000,False,False,False,1,46
"### | 10 - 
",000,False,000,False,False,False,1,39
"### | 11 - 
",000,False,000,False,False,False,1,56
"### | 12 - 
",000,False,000,False,False,False,1,52
"### | 13 - 
",000,False,000,False,False,False,1,64
"### | 14 - 
",000,False,000,False,False,False,1,81
"### | 15 - 
",000,False,000,False,False,False,1,33
"### | 16 - 
",000,False,000,False,False,False,1,184
"### | 17 - 
",000,False,000,False,False,False,1,40
"### | 18 - 
",000,False,000,False,False,False,1,44
"### | 19 - 
",000,False,000,False,False,False,1,52
"### | 20 - 
",000,False,000,False,False,False,1,43
"### | 21 - 
",000,False,000,False,False,False,1,46
"### | 22 - 
",000,False,000,False,False,False,1,44
"### | 23 - 
",000,False,000,False,False,False,1,67
"### | 24 - 
",000,False,000,False,False,False,1,44
"### | 25 - 
",000,False,000,False,False,False,1,31
"### | 26 - 
",000,False,000,False,False,False,1,27
"### | 27 - 
",000,False,000,False,False,False,1,25
"### | 28 - 
",000,False,000,False,False,False,1,38
"### | 29 - 
",000,False,000,False,False,False,1,33
"### | 30 - 
",000,False,000,False,False,False,1,95
"### | 31 - 
",000,False,000,False,False,False,1,47
"### | 32 - 
",000,False,000,False,False,False,1,54
"### | 33 - 
",000,False,000,False,False,False,1,76
"### | 34 - 
",000,False,000,False,False,False,1,59
"### | 35 - 
",000,False,000,False,False,False,1,108
"### | 36 - 
",000,False,000,False,False,False,1,33
"### | 37 - 
",000,False,000,False,False,False,1,60
"### | 38 - 
",000,False,000,False,False,False,1,43
"### | 39 - 
",000,False,000,False,False,False,1,33
"### | 40 - 
",000,False,000,False,False,False,1,34
"### | 41 - 
",000,False,000,False,False,False,1,45
"### | 42 - 
",000,False,000,False,False,False,1,76
"### | 43 - 
",000,False,000,False,False,False,1,36
"### | 44 - 
",000,False,000,False,False,False,1,51
"### | 45 - 
",000,False,000,False,False,False,1,31
"### | 46 - 
",000,False,000,False,False,False,1,57
"### | 47 - 
",000,False,000,False,False,False,1,55
"### | 48 - 
",000,False,000,False,False,False,1,92
"### | 49 - 
",000,False,000,False,False,False,1,42
"### | 50 - 
",000,False,000,False,False,False,1,39
"### | 51 - 
",000,False,000,False,False,False,1,109
"### | 52 - 
",000,False,000,False,False,False,1,58
"### | 53 - 
",000,False,000,False,False,False,1,44
"### | 54 - 
",000,False,000,False,False,False,1,114
"### | 55 - 
",000,False,000,False,False,False,1,63
"### | 56 - 
",000,False,000,False,False,False,1,60
"### | 57 - 
",000,False,000,False,False,False,1,58
"### | 58 - 
",000,False,000,False,False,False,1,68
"### | 59 - 
",000,False,000,False,False,False,1,64
"### | 60 - 
",000,False,000,False,False,False,1,99
"### | 61 - 
",000,False,000,False,False,False,1,32
"### | 62 - 
",000,False,000,False,False,False,1,63
"### | 63 - 
",000,False,000,False,False,False,1,41
"### | باب الآنية
",000,False,000,False,False,False,1,16
"### | 64 - 
",000,False,000,False,False,False,1,38
"### | 65 - 
",000,False,000,False,False,False,1,35
"### | 66 - 
",000,False,000,False,False,False,1,44
"### | 67 - 
",000,False,000,False,False,False,1,48
"### | 68 - 
",000,False,000,False,False,False,1,35
"### | 69 - 
",000,False,000,False,False,False,1,77
"### | 70 - 
",000,False,000,False,False,False,1,39
"### | 71 - 
",000,False,000,False,False,False,1,54
"### | 72 - 
",000,False,000,False,False,False,1,46
"### | 73 - 
",000,False,000,False,False,False,1,64
"### | 74 - 
",000,False,000,False,False,False,1,22
"### | 75 - 
",000,False,000,False,False,False,1,26
"### | 76 - 
",000,False,000,False,False,False,1,56
"### | 77 - 
",000,False,000,False,False,False,1,45
"### | 78 - 
",000,False,000,False,False,False,1,36
"### | 79 - 
",000,False,000,False,False,False,1,111
"### | 80 - 
",000,False,000,False,False,False,1,54
"### | 81 - 
",000,False,000,False,False,False,1,40
"### | 82 - 
",000,False,000,False,False,False,1,78
"### | 83 - 
",000,False,000,False,False,False,1,33
"### | 84 - 
",000,False,000,False,False,False,1,74
"### | 85 - 
",000,False,000,False,False,False,1,37
"### | 86 - 
",000,False,000,False,False,False,1,54
"### | 87 - 
",000,False,000,False,False,False,1,41
"### | 88 - 
",000,False,000,False,False,False,1,41
"### | 89 - 
",000,False,000,False,False,False,1,59
"### | 90 - 
",000,False,000,False,False,False,1,58
"### | 91 - 
",000,False,000,False,False,False,1,38
"### | 92 - 
",000,False,000,False,False,False,1,44
"### | 93 - 
",000,False,000,False,False,False,1,33
"### | 94 - 
",000,False,000,False,False,False,1,21
"### | 95 - 
",000,False,000,False,False,False,1,32
"### | 96 - 
",000,False,000,False,False,False,1,31
"### | 97 - 
",000,False,000,False,False,False,1,65
"### | 98 - 
",000,False,000,False,False,False,1,55
"### | 99 - 
",000,False,000,False,False,False,1,68
"### | 100 - 
",000,False,000,False,False,False,1,55
"### | 101 - 
",000,False,000,False,False,False,1,65
"### | 102 - 
",000,False,000,False,False,False,1,38
"### | باب التخلي
",000,False,000,False,False,False,1,14
"### | 103 - 
",000,False,000,False,False,False,1,42
"### | 104 - 
",000,False,000,False,False,False,1,39
"### | 105 - 
",000,False,000,False,False,False,1,34
"### | 106 - 
",000,False,000,False,False,False,1,32
"### | 107 - 
",000,False,000,False,False,False,1,21
"### | 108 - 
",000,False,000,False,False,False,1,29
"### | 109 - 
",000,False,000,False,False,False,1,66
"### | 110 - 
",000,False,000,False,False,False,1,41
"### | 111 - 
",000,False,000,False,False,False,1,47
"### | 112 - 
",000,False,000,False,False,False,1,79
"### | 113 - 
",000,False,000,False,False,False,1,57
"### | 114 - 
",000,False,000,False,False,False,1,72
"### | 115 - 
",000,False,000,False,False,False,1,30
"### | 116 - 
",000,False,000,False,False,False,1,56
"### | 117 - 
",000,False,000,False,False,False,1,46
"### | 118 - 
",000,False,000,False,False,False,1,66
"### | 119 - 
",000,False,000,False,False,False,1,24
"### | 120 - 
",000,False,000,False,False,False,1,46
"### | 121 - 
",000,False,000,False,False,False,1,59
"### | 122 - 
",000,False,000,False,False,False,1,56
"### | 123 - 
",000,False,000,False,False,False,1,63
"### | 124 - 
",000,False,000,False,False,False,1,52
"### | 125 - 
",000,False,000,False,False,False,1,30
"### | 126 - 
",000,False,000,False,False,False,1,43
"### | 127 - 
",000,False,000,False,False,False,1,49
"### | 128 - 
",000,False,000,False,False,False,1,39
"### | 129 - 
",000,False,000,False,False,False,1,51
"### | 130 - 
",000,False,000,False,False,False,1,57
"### | 131 - 
",000,False,000,False,False,False,1,60
"### | 132 - 
",000,False,000,False,False,False,1,33
"### | 133 - 
",000,False,000,False,False,False,1,35
"### | 134 - 
",000,False,000,False,False,False,1,59
"### | 135 - 
",000,False,000,False,False,False,1,50
"### | 136 - 
",000,False,000,False,False,False,1,60
"### | 137 - 
",000,False,000,False,False,False,1,39
"### | 138 - 
",000,False,000,False,False,False,1,54
"### | 139 - 
",000,False,000,False,False,False,1,43
"### | 140 - 
",000,False,000,False,False,False,1,36
"### | 141 - 
",000,False,000,False,False,False,1,60
"### | 142 - 
",000,False,000,False,False,False,1,111
"### | 143 - 
",000,False,000,False,False,False,1,82
"### | 144 - 
",000,False,000,False,False,False,1,95
"### | 145 - 
",000,False,000,False,False,False,1,44
"### | 146 - 
",000,False,000,False,False,False,1,25
"### | 147 - 
",000,False,000,False,False,False,1,27
"### | 148 - 
",000,False,000,False,False,False,1,60
"### | 149 - 
",000,False,000,False,False,False,1,63
"### | 150 - 
",000,False,000,False,False,False,1,29
"### | 151 - 
",000,False,000,False,False,False,1,34
"### | 152 - 
",000,False,000,False,False,False,1,54
"### | 153 - 
",000,False,000,False,False,False,1,53
"### | 154 - 
",000,False,000,False,False,False,1,64
"### | 155 - 
",000,False,000,False,False,False,1,35
"### | 156 - 
",000,False,000,False,False,False,1,40
"### | 157 - 
",000,False,000,False,False,False,1,42
"### | 158 - 
",000,False,000,False,False,False,1,35
"### | 159 - 
",000,False,000,False,False,False,1,20
"### | 160 - 
",000,False,000,False,False,False,1,35
"### | 161 - 
",000,False,000,False,False,False,1,65
"### | 162 - 
",000,False,000,False,False,False,1,44
"### | 163 - 
",000,False,000,False,False,False,1,37
"### | 164 - 
",000,False,000,False,False,False,1,58
"### | 165 - 
",000,False,000,False,False,False,1,35
"### | 166 - 
",000,False,000,False,False,False,1,79
"### | 167 - 
",000,False,000,False,False,False,1,58
"### | 168 - 
",000,False,000,False,False,False,1,60
"### | 169 - 
",000,False,000,False,False,False,1,43
"### | 170 - 
",000,False,000,False,False,False,1,56
"### | 171 - 
",000,False,000,False,False,False,1,30
"### | 172 - 
",000,False,000,False,False,False,1,54
"### | 173 - 
",000,False,000,False,False,False,1,25
"### | 174 - 
",000,False,000,False,False,False,1,22
"### | 175 - 
",000,False,000,False,False,False,1,21
"### | 176 - 
",000,False,000,False,False,False,1,50
"### | 177 - 
",000,False,000,False,False,False,1,40
"### | 178 - 
",000,False,000,False,False,False,1,50
"### | 179 - 
",000,False,000,False,False,False,1,54
"### | 180 - 
",000,False,000,False,False,False,1,80
"### | 181 - 
",000,False,000,False,False,False,1,78
"### | 182 - 
",000,False,000,False,False,False,1,54
"### | 183 - 
",000,False,000,False,False,False,1,49
"### | 184 - 
",000,False,000,False,False,False,1,32
"### | 185 - 
",000,False,000,False,False,False,1,33
"### | 186 - 
",000,False,000,False,False,False,1,38
"### | 187 - 
",000,False,000,False,False,False,1,26
"### | باب في ذكر السواك وغيره
",000,False,000,False,False,False,1,15
"### | 188 - 
",000,False,000,False,False,False,1,34
"### | 189 - 
",000,False,000,False,False,False,1,66
"### | 190 - 
",000,False,000,False,False,False,1,31
"### | 191 - 
",000,False,000,False,False,False,1,68
"### | 192 - 
",000,False,000,False,False,False,1,29
"### | 193 - 
",000,False,000,False,False,False,1,55
"### | 194 - 
",000,False,000,False,False,False,1,31
"### | 195 - 
",000,False,000,False,False,False,1,40
"### | 196 - 
",000,False,000,False,False,False,1,30
"### | 197 - 
",000,False,000,False,False,False,1,81
"### | 198 - 
",000,False,000,False,False,False,1,36
"### | 199 - 
",000,False,000,False,False,False,1,25
"### | 200 - 
",000,False,000,False,False,False,1,39
"### | 251 - 
",000,False,000,False,False,False,1,22
"### | 202 - 
",000,False,000,False,False,False,1,29
"### | 203 - 
",000,False,000,False,False,False,1,37
"### | 204 - 
",000,False,000,False,False,False,1,30
"### | 205 - 
",000,False,000,False,False,False,1,56
"### | 206 - 
",000,False,000,False,False,False,1,28
"### | 207 - 
",000,False,000,False,False,False,1,19
"### | 208 - 
",000,False,000,False,False,False,1,38
"### | 209 - 
",000,False,000,False,False,False,1,47
"### | 210 - 
",000,False,000,False,False,False,1,56
"### | 211 - 
",000,False,000,False,False,False,1,57
"### | 212 - 
",000,False,000,False,False,False,1,32
"### | 213 - 
",000,False,000,False,False,False,1,32
"### | 214 - 
",000,False,000,False,False,False,1,101
"### | 215 - 
",000,False,000,False,False,False,1,80
"### | 216 - 
",000,False,000,False,False,False,1,54
"### | 217 - 
",000,False,000,False,False,False,1,96
"### | 218 - 
",000,False,000,False,False,False,1,97
"### | 19 - 
",000,False,000,False,False,False,1,143
"### | 220 - 
",000,False,000,False,False,False,1,27
"### | 221 - 
",000,False,000,False,False,False,1,27
"### | 222 - 
",000,False,000,False,False,False,1,32
"### | 223 - 
",000,False,000,False,False,False,1,35
"### | 22 - 
",000,False,000,False,False,False,1,45
"### | 225 - 
",000,False,000,False,False,False,1,51
"### | 226 - 
",000,False,000,False,False,False,1,27
"### | 227 - 
",000,False,000,False,False,False,1,40
"### | 228 - 
",000,False,000,False,False,False,1,20
"### | 229 - 
",000,False,000,False,False,False,1,40
"### | 230 - 
",000,False,000,False,False,False,1,33
"### | 231 - 
",000,False,000,False,False,False,1,30
"### | 232 - 
",000,False,000,False,False,False,1,69
"### | 233 - 
",000,False,000,False,False,False,1,63
"### | 234 - 
",000,False,000,False,False,False,1,96
"### | 235 - 
",000,False,000,False,False,False,1,40
"### | 236 - 
",000,False,000,False,False,False,1,32
"### | 237 - 
",000,False,000,False,False,False,1,82
"### | 238 - 
",000,False,000,False,False,False,1,248
"### | 239 - 
",000,False,000,False,False,False,1,73
"### | 240 - 
",000,False,000,False,False,False,1,41
"### | 241 - 
",000,False,000,False,False,False,1,40
"### | 242 - 
",000,False,000,False,False,False,1,36
"### | 243 - 
",000,False,000,False,False,False,1,47
"### | 244 - 
",000,False,000,False,False,False,1,117
"### | 245 - 
",000,False,000,False,False,False,1,123
"### | 246 - 
",000,False,000,False,False,False,1,80
"### | 247 - 
",000,False,000,False,False,False,1,127
"### | 248 - 
",000,False,000,False,False,False,1,32
"### | 249 - 
",000,False,000,False,False,False,1,30
"### | 250 - 
",000,False,000,False,False,False,1,48
"### | 251 - 
",000,False,000,False,False,False,1,58
"### | 252 - 
",000,False,000,False,False,False,1,31
"### | 253 - 
",000,False,000,False,False,False,1,44
"### | 254 - 
",000,False,000,False,False,False,1,26
"### | 255 - 
",000,False,000,False,False,False,1,33
"### | 256 - 
",000,False,000,False,False,False,1,39
"### | 257 - 
",000,False,000,False,False,False,1,50
"### | 258 - 
",000,False,000,False,False,False,1,23
"### | 259 - 
",000,False,000,False,False,False,1,57
"### | 260 - 
",000,False,000,False,False,False,1,56
"### | 261 - 
",000,False,000,False,False,False,1,128
"### | 262 - 
",000,False,000,False,False,False,1,22
"### | 263 - 
",000,False,000,False,False,False,1,39
"### | 264 - 
",000,False,000,False,False,False,1,80
"### | 265 - 
",000,False,000,False,False,False,1,46
"### | 266 - 
",000,False,000,False,False,False,1,51
"### | 267 - 
",000,False,000,False,False,False,1,28
"### | 268 - 
",000,False,000,False,False,False,1,23
"### | 269 - 
",000,False,000,False,False,False,1,47
"### | 270 - 
",000,False,000,False,False,False,1,45
"### | 271 - 
",000,False,000,False,False,False,1,36
"### | 272 - 
",000,False,000,False,False,False,1,41
"### | 273 - 
",000,False,000,False,False,False,1,57
"### | 274 - 
",000,False,000,False,False,False,1,30
"### | 275 - 
",000,False,000,False,False,False,1,58
"### | 276 - 
",000,False,000,False,False,False,1,67
"### | 277 - 
",000,False,000,False,False,False,1,59
"### | 278 - 
",000,False,000,False,False,False,1,38
"### | 279 - 
",000,False,000,False,False,False,1,67
"### | 280 - 
",000,False,000,False,False,False,1,45
"### | 281 - 
",000,False,000,False,False,False,1,21
"### | 282 - 
",000,False,000,False,False,False,1,41
"### | 283 - 
",000,False,000,False,False,False,1,20
"### | 284 - 
",000,False,000,False,False,False,1,56
"### | 285 - 
",000,False,000,False,False,False,1,46
"### | 286 - 
",000,False,000,False,False,False,1,44
"### | 287 - 
",000,False,000,False,False,False,1,46
"### | 288 - 
",000,False,000,False,False,False,1,63
"### | 289 - 
",000,False,000,False,False,False,1,46
"### | 290 - 
",000,False,000,False,False,False,1,64
"### | 291 - 
",000,False,000,False,False,False,1,34
"### | 292 - 
",000,False,000,False,False,False,1,24
"### | 293 - 
",000,False,000,False,False,False,1,59
"### | 294 - 
",000,False,000,False,False,False,1,40
"### | 295 - 
",000,False,000,False,False,False,1,26
"### | 296 - 
",000,False,000,False,False,False,1,114
"### | 297 - 
",000,False,000,False,False,False,1,45
"### | 298 - 
",000,False,000,False,False,False,1,94
"### | 299 - 
",000,False,000,False,False,False,1,39
"### | 300 - 
",000,False,000,False,False,False,1,21
"### | 301 - 
",000,False,000,False,False,False,1,33
"### | 302 - 
",000,False,000,False,False,False,1,43
"### | 303 - 
",000,False,000,False,False,False,1,51
"### | 304 - 
",000,False,000,False,False,False,1,70
"### | 305 - 
",000,False,000,False,False,False,1,70
"### | 306 - 
",000,False,000,False,False,False,1,34
"### | 307 - 
",000,False,000,False,False,False,1,31
"### | 308 - 
",000,False,000,False,False,False,1,23
"### | 309 - 
",000,False,000,False,False,False,1,25
"### | 310 - 
",000,False,000,False,False,False,1,27
"### | 311 - 
",000,False,000,False,False,False,1,63
"### | 312 - 
",000,False,000,False,False,False,1,46
"### | 313 - 
",000,False,000,False,False,False,1,45
"### | 314 - 
",000,False,000,False,False,False,1,47
"### | 315 - 
",000,False,000,False,False,False,1,22
"### | 316 - 
",000,False,000,False,False,False,1,38
"### | 317 - 
",000,False,000,False,False,False,1,37
"### | 318 - 
",000,False,000,False,False,False,1,31
"### | 319 - 
",000,False,000,False,False,False,1,52
"### | 320 - 
",000,False,000,False,False,False,1,36
"### | 321 - 
",000,False,000,False,False,False,1,46
"### | 322 - 
",000,False,000,False,False,False,1,53
"### | 323 - 
",000,False,000,False,False,False,1,35
"### | 324 - 
",000,False,000,False,False,False,1,20
"### | 325 - 
",000,False,000,False,False,False,1,32
"### | 326 - 
",000,False,000,False,False,False,1,53
"### | 327 - 
",000,False,000,False,False,False,1,59
"### | 328 - 
",000,False,000,False,False,False,1,65
"### | 329 - 
",000,False,000,False,False,False,1,29
"### | 330 - 
",000,False,000,False,False,False,1,21
"### | 331 - 
",000,False,000,False,False,False,1,35
"### | 332 - 
",000,False,000,False,False,False,1,28
"### | 333 - 
",000,False,000,False,False,False,1,93
"### | 334 - 
",000,False,000,False,False,False,1,44
"### | 335 - 
",000,False,000,False,False,False,1,43
"### | 336 - 
",000,False,000,False,False,False,1,41
"### | 337 - 
",000,False,000,False,False,False,1,38
"### | 338 - 
",000,False,000,False,False,False,1,18
"### | 339 - 
",000,False,000,False,False,False,1,35
"### | 340 - 
",000,False,000,False,False,False,1,80
"### | 341 - 
",000,False,000,False,False,False,1,60
"### | 42 - 
",000,False,000,False,False,False,1,64
"### | 343 - 
",000,False,000,False,False,False,1,100
"### | 344 - 
",000,False,000,False,False,False,1,44
"### | 345 - 
",000,False,000,False,False,False,1,75
"### | 346 - 
",000,False,000,False,False,False,1,31
"### | 347 - 
",000,False,000,False,False,False,1,60
"### | 348 - 
",000,False,000,False,False,False,1,70
"### | 349 - 
",000,False,000,False,False,False,1,109
"### | 350 - 
",000,False,000,False,False,False,1,43
"### | 351 - 
",000,False,000,False,False,False,1,34
"### | 352 - 
",000,False,000,False,False,False,1,43
"### | 53 - 
",000,False,000,False,False,False,1,52
"### | 354 - 
",000,False,000,False,False,False,1,114
"### | 355 - 
",000,False,000,False,False,False,1,130
"### | 356 - 
",000,False,000,False,False,False,1,68
"### | 357 - 
",000,False,000,False,False,False,1,40
"### | 358 - 
",000,False,000,False,False,False,1,91
"### | 359 - 
",000,False,000,False,False,False,1,67
"### | 360 - 
",000,False,000,False,False,False,1,54
"### | 361 - 
",000,False,000,False,False,False,1,27
"### | 362 - 
",000,False,000,False,False,False,1,42
"### | 363 - 
",000,False,000,False,False,False,1,35
"### | 364 - 
",000,False,000,False,False,False,1,23
"### | 365 - 
",000,False,000,False,False,False,1,43
"### | 366 - 
",000,False,000,False,False,False,1,33
"### | 367 - 
",000,False,000,False,False,False,1,43
"### | 368 - 
",000,False,000,False,False,False,1,45
"### | 369 - 
",000,False,000,False,False,False,1,55
"### | 370 - 
",000,False,000,False,False,False,1,96
"### | 371 - 
",000,False,000,False,False,False,1,33
"### | 372 - 
",000,False,000,False,False,False,1,54
"### | 373 - 
",000,False,000,False,False,False,1,43
"### | 374 - 
",000,False,000,False,False,False,1,79
"### | 375 - 
",000,False,000,False,False,False,1,40
"### | 376 - 
",000,False,000,False,False,False,1,79
"### | 377 - 
",000,False,000,False,False,False,1,70
"### | 378 - 
",000,False,000,False,False,False,1,21
"### | 379 - 
",000,False,000,False,False,False,1,27
"### | 380 - 
",000,False,000,False,False,False,1,58
"### | 381 - 
",000,False,000,False,False,False,1,45
"### | 382 - 
",000,False,000,False,False,False,1,26
"### | 383 - 
",000,False,000,False,False,False,1,39
"### | 384 - 
",000,False,000,False,False,False,1,36
"### | باب نواقض الطهارة
",000,False,000,False,False,False,1,13
"### | 385 - 
",000,False,000,False,False,False,1,50
"### | 386 - 
",000,False,000,False,False,False,1,58
"### | 387 - 
",000,False,000,False,False,False,1,35
"### | 388 - 
",000,False,000,False,False,False,1,43
"### | 389 - 
",000,False,000,False,False,False,1,32
"### | 390 - 
",000,False,000,False,False,False,1,40
"### | 391 - 
",000,False,000,False,False,False,1,77
"### | 392 - 
",000,False,000,False,False,False,1,50
"### | 393 - 
",000,False,000,False,False,False,1,41
"### | 394 - 
",000,False,000,False,False,False,1,92
"### | 395 - 
",000,False,000,False,False,False,1,46
"### | 396 - 
",000,False,000,False,False,False,1,46
"### | 397 - 
",000,False,000,False,False,False,1,61
"### | 398 - 
",000,False,000,False,False,False,1,57
"### | 399 - 
",000,False,000,False,False,False,1,47
"### | 400 - 
",000,False,000,False,False,False,1,93
"### | 401 - 
",000,False,000,False,False,False,1,89
"### | 402 - 
",000,False,000,False,False,False,1,63
"### | 403 - 
",000,False,000,False,False,False,1,88
"### | 404 - 
",000,False,000,False,False,False,1,52
"### | 405 - 
",000,False,000,False,False,False,1,47
"### | 406 - 
",000,False,000,False,False,False,1,42
"### | 407 - 
",000,False,000,False,False,False,1,38
"### | 408 - 
",000,False,000,False,False,False,1,183
"### | 409 - 
",000,False,000,False,False,False,1,36
"### | 410 - 
",000,False,000,False,False,False,1,60
"### | 411 - 
",000,False,000,False,False,False,1,55
"### | 412 - 
",000,False,000,False,False,False,1,64
"### | 413 - 
",000,False,000,False,False,False,1,173
"### | 414 - 
",000,False,000,False,False,False,1,228
"### | 415 - 
",000,False,000,False,False,False,1,45
"### | 416 - 
",000,False,000,False,False,False,1,44
"### | 417 - 
",000,False,000,False,False,False,1,93
"### | 418 - 
",000,False,000,False,False,False,1,36
"### | 419 - 
",000,False,000,False,False,False,1,62
"### | 420 - 
",000,False,000,False,False,False,1,129
"### | 421 - 
",000,False,000,False,False,False,1,69
"### | 422 - 
",000,False,000,False,False,False,1,38
"### | 423 - 
",000,False,000,False,False,False,1,56
"### | 424 - 
",000,False,000,False,False,False,1,51
"### | 425 - 
",000,False,000,False,False,False,1,33
"### | 426 - 
",000,False,000,False,False,False,1,45
"### | 427 - 
",000,False,000,False,False,False,1,25
"### | 428 - 
",000,False,000,False,False,False,1,50
"### | 429 - 
",000,False,000,False,False,False,1,81
"### | 430 - 
",000,False,000,False,False,False,1,77
"### | 431 - 
",000,False,000,False,False,False,1,46
"### | 432 - 
",000,False,000,False,False,False,1,74
"### | 433 - 
",000,False,000,False,False,False,1,53
"### | 434 - 
",000,False,000,False,False,False,1,82
"### | 435 - 
",000,False,000,False,False,False,1,24
"### | 436 - 
",000,False,000,False,False,False,1,15
"### | 437 - 
",000,False,000,False,False,False,1,30
"### | 438 - 
",000,False,000,False,False,False,1,25
"### | 439 - 
",000,False,000,False,False,False,1,45
"### | 440 - 
",000,False,000,False,False,False,1,42
"### | 441 - 
",000,False,000,False,False,False,1,104
"### | 442 - 
",000,False,000,False,False,False,1,31
"### | 443 - 
",000,False,000,False,False,False,1,46
"### | 444 - 
",000,False,000,False,False,False,1,46
"### | 445 - 
",000,False,000,False,False,False,1,57
"### | 446 - 
",000,False,000,False,False,False,1,47
"### | 447 - 
",000,False,000,False,False,False,1,77
"### | 448 - 
",000,False,000,False,False,False,1,71
"### | 449 - 
",000,False,000,False,False,False,1,34
"### | 450 - 
",000,False,000,False,False,False,1,71
"### | 451 - 
",000,False,000,False,False,False,1,34
"### | 452 - 
",000,False,000,False,False,False,1,34
"### | 453 - 
",000,False,000,False,False,False,1,50
"### | 454 - 
",000,False,000,False,False,False,1,40
"### | باب ما يوجب الغسل
",000,False,000,False,False,False,1,14
"### | 455 - 
",000,False,000,False,False,False,1,76
"### | 456 - 
",000,False,000,False,False,False,1,71
"### | 457 - 
",000,False,000,False,False,False,1,71
"### | 458 - 
",000,False,000,False,False,False,1,62
"### | 459 - 
",000,False,000,False,False,False,1,61
"### | 460 - 
",000,False,000,False,False,False,1,53
"### | 461 - 
",000,False,000,False,False,False,1,96
"### | 462 - 
",000,False,000,False,False,False,1,97
"### | 463 - 
",000,False,000,False,False,False,1,61
"### | 464 - 
",000,False,000,False,False,False,1,64
"### | 465 - 
",000,False,000,False,False,False,1,42
"### | 46 - 
",000,False,000,False,False,False,1,64
"### | 467 - 
",000,False,000,False,False,False,1,65
"### | 468 - 
",000,False,000,False,False,False,1,62
"### | 469 - 
",000,False,000,False,False,False,1,41
"### | 470 - 
",000,False,000,False,False,False,1,76
"### | 471 - 
",000,False,000,False,False,False,1,78
"### | 472 - 
",000,False,000,False,False,False,1,156
"### | 473 - 
",000,False,000,False,False,False,1,24
"### | 47 - 
",000,False,000,False,False,False,1,32
"### | 475 - 
",000,False,000,False,False,False,1,13
"### | 476 - 
",000,False,000,False,False,False,1,35
"### | 477 - 
",000,False,000,False,False,False,1,41
"### | 478 - 
",000,False,000,False,False,False,1,64
"### | 479 - 
",000,False,000,False,False,False,1,70
"### | 480 - 
",000,False,000,False,False,False,1,99
"### | 481 - 
",000,False,000,False,False,False,1,55
"### | 82 - 
",000,False,000,False,False,False,1,61
"### | 483 - 
",000,False,000,False,False,False,1,100
"### | 484 - 
",000,False,000,False,False,False,1,62
"### | 485 - 
",000,False,000,False,False,False,1,66
"### | 486 - 
",000,False,000,False,False,False,1,24
"### | 487 - 
",000,False,000,False,False,False,1,21
"### | 488 - 
",000,False,000,False,False,False,1,29
"### | 489 - 
",000,False,000,False,False,False,1,28
"### | 490 - 
",000,False,000,False,False,False,1,30
"### | 491 - 
",000,False,000,False,False,False,1,34
"### | 492 - 
",000,False,000,False,False,False,1,94
"### | 493 - 
",000,False,000,False,False,False,1,121
"### | 494 - 
",000,False,000,False,False,False,1,96
"### | 495 - 
",000,False,000,False,False,False,1,66
"### | 496 - 
",000,False,000,False,False,False,1,45
"### | 497 - 
",000,False,000,False,False,False,1,88
"### | 498 - 
",000,False,000,False,False,False,1,70
"### | 499 - 
",000,False,000,False,False,False,1,61
"### | 500 - 
",000,False,000,False,False,False,1,43
"### | 501 - 
",000,False,000,False,False,False,1,74
"### | 502 - 
",000,False,000,False,False,False,1,39
"### | 503 - 
",000,False,000,False,False,False,1,41
"### | 504 - 
",000,False,000,False,False,False,1,54
"### | 505 - 
",000,False,000,False,False,False,1,46
"### | 506 - 
",000,False,000,False,False,False,1,63
"### | 507 - 
",000,False,000,False,False,False,1,47
"### | 508 - 
",000,False,000,False,False,False,1,42
"### | 509 - 
",000,False,000,False,False,False,1,66
"### | 510 - 
",000,False,000,False,False,False,1,31
"### | 511 - 
",000,False,000,False,False,False,1,34
"### | 512 - 
",000,False,000,False,False,False,1,66
"### | 513 - 
",000,False,000,False,False,False,1,36
"### | 514 - 
",000,False,000,False,False,False,1,27
"### | 515 - 
",000,False,000,False,False,False,1,29
"### | 516 - 
",000,False,000,False,False,False,1,43
"### | 517 - 
",000,False,000,False,False,False,1,85
"### | 518 - 
",000,False,000,False,False,False,1,40
"### | 519 - 
",000,False,000,False,False,False,1,69
"### | 520 - 
",000,False,000,False,False,False,1,41
"### | 521 - 
",000,False,000,False,False,False,1,31
"### | 522 - 
",000,False,000,False,False,False,1,69
"### | 523 - 
",000,False,000,False,False,False,1,32
"### | 524 - 
",000,False,000,False,False,False,1,70
"### | 525 - 
",000,False,000,False,False,False,1,33
"### | 526 - 
",000,False,000,False,False,False,1,62
"### | 527 - 
",000,False,000,False,False,False,1,94
"### | 528 - 
",000,False,000,False,False,False,1,98
"### | 529 - 
",000,False,000,False,False,False,1,54
"### | 530 - 
",000,False,000,False,False,False,1,60
"### | 531 - 
",000,False,000,False,False,False,1,31
"### | 532 - 
",000,False,000,False,False,False,1,28
"### | 533 - 
",000,False,000,False,False,False,1,48
"### | 534 - 
",000,False,000,False,False,False,1,32
"### | 535 - 
",000,False,000,False,False,False,1,19
"### | 536 - 
",000,False,000,False,False,False,1,44
"### | 537 - 
",000,False,000,False,False,False,1,37
"### | 538 - 
",000,False,000,False,False,False,1,40
"### | 539 - 
",000,False,000,False,False,False,1,33
"### | 540 - 
",000,False,000,False,False,False,1,33
"### | 541 - 
",000,False,000,False,False,False,1,60
"### | 542 - 
",000,False,000,False,False,False,1,56
"### | 543 - 
",000,False,000,False,False,False,1,49
"### | 544 - 
",000,False,000,False,False,False,1,61
"### | 545 - 
",000,False,000,False,False,False,1,45
"### | 546 - 
",000,False,000,False,False,False,1,75
"### | 547 - 
",000,False,000,False,False,False,1,38
"### | 548 - 
",000,False,000,False,False,False,1,24
"### | كتاب التيمم
",000,False,000,False,False,False,1,24
"### | 549 - 
",000,False,000,False,False,False,1,202
"### | 550 - 
",000,False,000,False,False,False,1,66
"### | 551 - 
",000,False,000,False,False,False,1,38
"### | 552 - 
",000,False,000,False,False,False,1,35
"### | 553 - 
",000,False,000,False,False,False,1,87
"### | 554 - 
",000,False,000,False,False,False,1,32
"### | 555 - 
",000,False,000,False,False,False,1,20
"### | 556 - 
",000,False,000,False,False,False,1,52
"### | 557 - 
",000,False,000,False,False,False,1,140
"### | 558 - 
",000,False,000,False,False,False,1,132
"### | 559 - 
",000,False,000,False,False,False,1,116
"### | 565 - 
",000,False,000,False,False,False,1,51
"### | 561 - 
",000,False,000,False,False,False,1,32
"### | 562 - 
",000,False,000,False,False,False,1,52
"### | 536 - 
",000,False,000,False,False,False,1,46
"### | 564 - 
",000,False,000,False,False,False,1,51
"### | 565 - 
",000,False,000,False,False,False,1,76
"### | 566 - 
",000,False,000,False,False,False,1,96
"### | 567 - 
",000,False,000,False,False,False,1,74
"### | 568 - 
",000,False,000,False,False,False,1,43
"### | 569 - 
",000,False,000,False,False,False,1,90
"### | 570 - 
",000,False,000,False,False,False,1,91
"### | 571 - 
",000,False,000,False,False,False,1,71
"### | 572 - 
",000,False,000,False,False,False,1,66
"### | 573 - 
",000,False,000,False,False,False,1,49
"### | 574 - 
",000,False,000,False,False,False,1,76
"### | كتاب الحيض
",000,False,000,False,False,False,1,14
"### | 575 - 
",000,False,000,False,False,False,1,40
"### | 576 - 
",000,False,000,False,False,False,1,101
"### | 577 - 
",000,False,000,False,False,False,1,43
"### | 578 - 
",000,False,000,False,False,False,1,80
"### | 579 - 
",000,False,000,False,False,False,1,90
"### | 580 - 
",000,False,000,False,False,False,1,42
"### | 581 - 
",000,False,000,False,False,False,1,35
"### | 582 - 
",000,False,000,False,False,False,1,35
"### | 583 - 
",000,False,000,False,False,False,1,66
"### | 584 - 
",000,False,000,False,False,False,1,27
"### | 585 - 
",000,False,000,False,False,False,1,50
"### | 586 - 
",000,False,000,False,False,False,1,154
"### | 587 - 
",000,False,000,False,False,False,1,57
"### | 588 - 
",000,False,000,False,False,False,1,28
"### | 589 - 
",000,False,000,False,False,False,1,38
"### | 590 - 
",000,False,000,False,False,False,1,40
"### | 591 - 
",000,False,000,False,False,False,1,104
"### | 592 - 
",000,False,000,False,False,False,1,44
"### | 593 - 
",000,False,000,False,False,False,1,25
"### | 594 - 
",000,False,000,False,False,False,1,30
"### | 595 - 
",000,False,000,False,False,False,1,57
"### | 596 - 
",000,False,000,False,False,False,1,76
"### | 597 - 
",000,False,000,False,False,False,1,49
"### | 598 - 
",000,False,000,False,False,False,1,124
"### | 599 - 
",000,False,000,False,False,False,1,68
"### | 600 - 
",000,False,000,False,False,False,1,46
"### | 601 - 
",000,False,000,False,False,False,1,94
"### | 602 - 
",000,False,000,False,False,False,1,48
"### | 603 - 
",000,False,000,False,False,False,1,118
"### | 604 - 
",000,False,000,False,False,False,1,24
"### | 605 - 
",000,False,000,False,False,False,1,67
"### | 607 - 
",000,False,000,False,False,False,1,48
"### | 608 - 
",000,False,000,False,False,False,1,83
"### | 609 - 
",000,False,000,False,False,False,1,46
"### | 610 - 
",000,False,000,False,False,False,1,37
"### | 611 - 
",000,False,000,False,False,False,1,94
"### | 612 - 
",000,False,000,False,False,False,1,98
"### | 613 - 
",000,False,000,False,False,False,1,64
"### | 614 - 
",000,False,000,False,False,False,1,47
"### | 615 - 
",000,False,000,False,False,False,1,29
"### | 616 - 
",000,False,000,False,False,False,1,71
"### | 617 - 
",000,False,000,False,False,False,1,200
"### | 618 - 
",000,False,000,False,False,False,1,51
"### | 619 - 
",000,False,000,False,False,False,1,67
"### | 62 - 
",000,False,000,False,False,False,1,66
"### | 621 - 
",000,False,000,False,False,False,1,70
"### | 622 - 
",000,False,000,False,False,False,1,19
"### | 623 - 
",000,False,000,False,False,False,1,70
"### | 624 - 
",000,False,000,False,False,False,1,77
"### | 24 - 
",000,False,000,False,False,False,1,123
"### | 625 - 
",000,False,000,False,False,False,1,73
"### | 626 - 
",000,False,000,False,False,False,1,102
"### | 627 - 
",000,False,000,False,False,False,1,74
"### | 628 - 
",000,False,000,False,False,False,1,38
"### | 629 - 
",000,False,000,False,False,False,1,39
"### | 630 - 
",000,False,000,False,False,False,1,79
"### | 631 - 
",000,False,000,False,False,False,1,37
"### | 632 - 
",000,False,000,False,False,False,1,48
"### | 633 - 
",000,False,000,False,False,False,1,50
"### | 634 - 
",000,False,000,False,False,False,1,46
"### | 635 - 
",000,False,000,False,False,False,1,69
"### | 636 - 
",000,False,000,False,False,False,1,27
"### | 637 - 
",000,False,000,False,False,False,1,171
"### | 638 - 
",000,False,000,False,False,False,1,37
"### | 639 - 
",000,False,000,False,False,False,1,31
"### | 640 - 
",000,False,000,False,False,False,1,44
"### | 641 - 
",000,False,000,False,False,False,1,42
"### | 642 - 
",000,False,000,False,False,False,1,31
"### | 643 - 
",000,False,000,False,False,False,1,37
"### | 644 - 
",000,False,000,False,False,False,1,272
"### | 645 - 
",000,False,000,False,False,False,1,62
"### | 646 - 
",000,False,000,False,False,False,1,55
"### | 647 - 
",000,False,000,False,False,False,1,65
"### | 648 - 
",000,False,000,False,False,False,1,40
"### | 649 - 
",000,False,000,False,False,False,1,67
"### | 650 - 
",000,False,000,False,False,False,1,38
"### | 651 - 
",000,False,000,False,False,False,1,138
"### | 652 - 
",000,False,000,False,False,False,1,28
"### | 653 - 
",000,False,000,False,False,False,1,35
"### | 654 - 
",000,False,000,False,False,False,1,153
"### | 655 - 
",000,False,000,False,False,False,1,23
"### | 656 - 
",000,False,000,False,False,False,1,42
"### | 657 - 
",000,False,000,False,False,False,1,55
"### | 658 - 
",000,False,000,False,False,False,1,48
"### | 659 - 
",000,False,000,False,False,False,1,34
"### | 660 - 
",000,False,000,False,False,False,1,23
"### | 661 - 
",000,False,000,False,False,False,1,21
"### | 662 - 
",000,False,000,False,False,False,1,192
"### | 663 - 
",000,False,000,False,False,False,1,18
"### | 664 - 
",000,False,000,False,False,False,1,47
"### | 665 - 
",000,False,000,False,False,False,1,40
"### | 666 - 
",000,False,000,False,False,False,1,29
"### | 667 - 
",000,False,000,False,False,False,1,61
"### | 668 - 
",000,False,000,False,False,False,1,73
"### | 669 - 
",000,False,000,False,False,False,1,21
"### | كتاب الصلاة
",000,False,000,False,False,False,1,14
"### | 670 - 
",000,False,000,False,False,False,1,67
"### | 671 - 
",000,False,000,False,False,False,1,60
"### | 672 - 
",000,False,000,False,False,False,1,122
"### | 673 - 
",000,False,000,False,False,False,1,42
"### | 674 - 
",000,False,000,False,False,False,1,183
"### | 675 - 
",000,False,000,False,False,False,1,79
"### | 676 - 
",000,False,000,False,False,False,1,58
"### | 677 - 
",000,False,000,False,False,False,1,80
"### | 678 - 
",000,False,000,False,False,False,1,70
"### | 679 - 
",000,False,000,False,False,False,1,30
"### | 680 - 
",000,False,000,False,False,False,1,36
"### | 681 - 
",000,False,000,False,False,False,1,32
"### | 682 - 
",000,False,000,False,False,False,1,103
"### | 683 - 
",000,False,000,False,False,False,1,62
"### | 684 - 
",000,False,000,False,False,False,1,33
"### | باب في أوقات الصلاة.
",000,False,000,False,False,False,1,12
"### | 685 - 
",000,False,000,False,False,False,1,86
"### | 686 - 
",000,False,000,False,False,False,1,51
"### | 687 - 
",000,False,000,False,False,False,1,37
"### | 688 - 
",000,False,000,False,False,False,1,42
"### | 689 - 
",000,False,000,False,False,False,1,21
"### | 690 - 
",000,False,000,False,False,False,1,38
"### | 691 - 
",000,False,000,False,False,False,1,42
"### | 692 - 
",000,False,000,False,False,False,1,37
"### | 693 - 
",000,False,000,False,False,False,1,38
"### | 694 - 
",000,False,000,False,False,False,1,56
"### | 695 - 
",000,False,000,False,False,False,1,64
"### | 696 - 
",000,False,000,False,False,False,1,24
"### | 697 - 
",000,False,000,False,False,False,1,26
"### | 698 - 
",000,False,000,False,False,False,1,25
"### | 699 - 
",000,False,000,False,False,False,1,40
"### | 700 - 
",000,False,000,False,False,False,1,57
"### | 701 - 
",000,False,000,False,False,False,1,23
"### | 702 - 
",000,False,000,False,False,False,1,42
"### | 703 - 
",000,False,000,False,False,False,1,51
"### | 704 - 
",000,False,000,False,False,False,1,39
"### | 705 - 
",000,False,000,False,False,False,1,73
"### | 706 - 
",000,False,000,False,False,False,1,58
"### | 707 - 
",000,False,000,False,False,False,1,36
"### | 708 - 
",000,False,000,False,False,False,1,30
"### | 709 - 
",000,False,000,False,False,False,1,44
"### | 710 - 
",000,False,000,False,False,False,1,89
"### | 711 - 
",000,False,000,False,False,False,1,45
"### | 712 - 
",000,False,000,False,False,False,1,50
"### | 713 - 
",000,False,000,False,False,False,1,51
"### | 714 - 
",000,False,000,False,False,False,1,53
"### | 715 - 
",000,False,000,False,False,False,1,91
"### | 716 - 
",000,False,000,False,False,False,1,50
"### | 717 - 
",000,False,000,False,False,False,1,108
"### | 718 - 
",000,False,000,False,False,False,1,36
"### | 719 - 
",000,False,000,False,False,False,1,55
"### | 720 - 
",000,False,000,False,False,False,1,48
"### | 721 - 
",000,False,000,False,False,False,1,24
"### | 722 - 
",000,False,000,False,False,False,1,31
"### | 723 - 
",000,False,000,False,False,False,1,32
"### | 724 - 
",000,False,000,False,False,False,1,31
"### | 725 - 
",000,False,000,False,False,False,1,60
"### | 726 - 
",000,False,000,False,False,False,1,32
"### | 727 - 
",000,False,000,False,False,False,1,29
"### | 728 - 
",000,False,000,False,False,False,1,37
"### | 729 - 
",000,False,000,False,False,False,1,33
"### | 730 - 
",000,False,000,False,False,False,1,81
"### | 731 - 
",000,False,000,False,False,False,1,67
"### | 732 - 
",000,False,000,False,False,False,1,116
"### | 733 - 
",000,False,000,False,False,False,1,20
"### | 734 - 
",000,False,000,False,False,False,1,31
"### | 735 - 
",000,False,000,False,False,False,1,28
"### | 736 - 
",000,False,000,False,False,False,1,44
"### | 737 - 
",000,False,000,False,False,False,1,51
"### | 738 - 
",000,False,000,False,False,False,1,70
"### | 739 - 
",000,False,000,False,False,False,1,54
"### | 740 - 
",000,False,000,False,False,False,1,20
"### | 74 - 
",000,False,000,False,False,False,1,35
"### | 742 - 
",000,False,000,False,False,False,1,67
"### | 743 - 
",000,False,000,False,False,False,1,35
"### | 744 - 
",000,False,000,False,False,False,1,42
"### | 745 - 
",000,False,000,False,False,False,1,40
"### | 746 - 
",000,False,000,False,False,False,1,53
"### | 747 - 
",000,False,000,False,False,False,1,34
"### | 748 - 
",000,False,000,False,False,False,1,57
"### | 749 - 
",000,False,000,False,False,False,1,44
"### | 750 - 
",000,False,000,False,False,False,1,37
"### | 751 - 
",000,False,000,False,False,False,1,57
"### | 752 - 
",000,False,000,False,False,False,1,113
"### | 753 - 
",000,False,000,False,False,False,1,115
"### | 754 - 
",000,False,000,False,False,False,1,126
"### | 755 - 
",000,False,000,False,False,False,1,141
"### | 756 - 
",000,False,000,False,False,False,1,114
"### | 757 - 
",000,False,000,False,False,False,1,59
"### | 758 - 
",000,False,000,False,False,False,1,199
"### | 759 - 
",000,False,000,False,False,False,1,199
"### | 760 - 
",000,False,000,False,False,False,1,59
"### | 761 - 
",000,False,000,False,False,False,1,49
"### | 762 - 
",000,False,000,False,False,False,1,43
"### | 763 - 
",000,False,000,False,False,False,1,35
"### | 764 - 
",000,False,000,False,False,False,1,47
"### | 765 - 
",000,False,000,False,False,False,1,52
"### | 766 - 
",000,False,000,False,False,False,1,100
"### | 767 - 
",000,False,000,False,False,False,1,69
"### | 768 - 
",000,False,000,False,False,False,1,145
"### | 769 - 
",000,False,000,False,False,False,1,321
"### | 770 - 
",000,False,000,False,False,False,1,143
"### | 771 - 
",000,False,000,False,False,False,1,120
"### | 772 - 
",000,False,000,False,False,False,1,80
"### | 773 - 
",000,False,000,False,False,False,1,55
"### | 774 - 
",000,False,000,False,False,False,1,202
"### | 775 - 
",000,False,000,False,False,False,1,67
"### | 776 - 
",000,False,000,False,False,False,1,62
"### | 777 - 
",000,False,000,False,False,False,1,97
"### | 778 - 
",000,False,000,False,False,False,1,81
"### | 779 - 
",000,False,000,False,False,False,1,36
"### | 780 - 
",000,False,000,False,False,False,1,73
"### | 781 - 
",000,False,000,False,False,False,1,39
"### | باب الأذان
",000,False,000,False,False,False,1,16
"### | 782 - 
",000,False,000,False,False,False,1,41
"### | 783 - 
",000,False,000,False,False,False,1,62
"### | 784 - 
",000,False,000,False,False,False,1,291
"### | 785 - 
",000,False,000,False,False,False,1,50
"### | 786 - 
",000,False,000,False,False,False,1,30
"### | 787 - 
",000,False,000,False,False,False,1,26
"### | 788 - 
",000,False,000,False,False,False,1,30
"### | 789 - 
",000,False,000,False,False,False,1,92
"### | 790 - 
",000,False,000,False,False,False,1,341
"### | 791 - 
",000,False,000,False,False,False,1,56
"### | 792 - 
",000,False,000,False,False,False,1,224
"### | 793 - 
",000,False,000,False,False,False,1,80
"### | 794 - 
",000,False,000,False,False,False,1,37
"### | 795 - 
",000,False,000,False,False,False,1,158
"### | 796 - 
",000,False,000,False,False,False,1,52
"### | 797 - 
",000,False,000,False,False,False,1,57
"### | 798 - 
",000,False,000,False,False,False,1,61
"### | 799 - 
",000,False,000,False,False,False,1,100
"### | 800 - 
",000,False,000,False,False,False,1,30
"### | 801 - 
",000,False,000,False,False,False,1,60
"### | 802 - 
",000,False,000,False,False,False,1,92
"### | 803 - 
",000,False,000,False,False,False,1,51
"### | 804 - 
",000,False,000,False,False,False,1,101
"### | 805 - 
",000,False,000,False,False,False,1,188
"### | 806 - 
",000,False,000,False,False,False,1,26
"### | 807 - 
",000,False,000,False,False,False,1,44
"### | 808 - 
",000,False,000,False,False,False,1,25
"### | 809 - 
",000,False,000,False,False,False,1,37
"### | 810 - 
",000,False,000,False,False,False,1,72
"### | 811 - 
",000,False,000,False,False,False,1,33
"### | 812 - 
",000,False,000,False,False,False,1,23
"### | 813 - 
",000,False,000,False,False,False,1,37
"### | 814 - 
",000,False,000,False,False,False,1,28
"### | 815 - 
",000,False,000,False,False,False,1,67
"### | 816 - 
",000,False,000,False,False,False,1,30
"### | 817 - 
",000,False,000,False,False,False,1,105
"### | 818 - 
",000,False,000,False,False,False,1,99
"### | 819 - 
",000,False,000,False,False,False,1,226
"### | 820 - 
",000,False,000,False,False,False,1,133
"### | 821 - 
",000,False,000,False,False,False,1,91
"### | 822 - 
",000,False,000,False,False,False,1,248
"### | 823 - 
",000,False,000,False,False,False,1,72
"### | 824 - 
",000,False,000,False,False,False,1,226
"### | 825 - 
",000,False,000,False,False,False,1,106
"### | 826 - 
",000,False,000,False,False,False,1,64
"### | 827 - 
",000,False,000,False,False,False,1,53
"### | 828 - 
",000,False,000,False,False,False,1,76
"### | 829 - 
",000,False,000,False,False,False,1,80
"### | 830 - 
",000,False,000,False,False,False,1,61
"### | 831 - 
",000,False,000,False,False,False,1,30
"### | 832 - 
",000,False,000,False,False,False,1,33
"### | 833 - 
",000,False,000,False,False,False,1,82
"### | 834 - 
",000,False,000,False,False,False,1,57
"### | 835 - 
",000,False,000,False,False,False,1,58
"### | 836 - 
",000,False,000,False,False,False,1,26
"### | 837 - 
",000,False,000,False,False,False,1,24
"### | 838 - 
",000,False,000,False,False,False,1,131
"### | 839 - 
",000,False,000,False,False,False,1,90
"### | 840 - 
",000,False,000,False,False,False,1,98
"### | 841 - 
",000,False,000,False,False,False,1,72
"### | 842 - 
",000,False,000,False,False,False,1,16
"### | 843 - 
",000,False,000,False,False,False,1,49
"### | 844 - 
",000,False,000,False,False,False,1,83
"### | 845 - 
",000,False,000,False,False,False,1,48
"### | 846 - 
",000,False,000,False,False,False,1,33
"### | 847 - 
",000,False,000,False,False,False,1,66
"### | 848 - 
",000,False,000,False,False,False,1,76
"### | 849 - 
",000,False,000,False,False,False,1,44
"### | 850 - 
",000,False,000,False,False,False,1,103
"### | 851 - 
",000,False,000,False,False,False,1,50
"### | 852 - 
",000,False,000,False,False,False,1,24
"### | 853 - 
",000,False,000,False,False,False,1,65
"### | 854 - 
",000,False,000,False,False,False,1,68
"### | 855 - 
",000,False,000,False,False,False,1,40
"### | 856 - 
",000,False,000,False,False,False,1,62
"### | 857 - 
",000,False,000,False,False,False,1,57
"### | 858 - 
",000,False,000,False,False,False,1,53
"### | 859 - 
",000,False,000,False,False,False,1,42
"### | 860 - 
",000,False,000,False,False,False,1,98
"### | 861 - 
",000,False,000,False,False,False,1,63
"### | 862 - 
",000,False,000,False,False,False,1,52
"### | 863 - 
",000,False,000,False,False,False,1,93
"### | 864 - 
",000,False,000,False,False,False,1,31
"### | 865 - 
",000,False,000,False,False,False,1,44
"### | 866 - 
",000,False,000,False,False,False,1,102
"### | 867 - 
",000,False,000,False,False,False,1,104
"### | 868 - 
",000,False,000,False,False,False,1,45
"### | 869 - 
",000,False,000,False,False,False,1,62
"### | 870 - 
",000,False,000,False,False,False,1,32
"### | 871 - 
",000,False,000,False,False,False,1,44
"### | 872 - 
",000,False,000,False,False,False,1,34
"### | 873 - 
",000,False,000,False,False,False,1,47
"### | 874 - 
",000,False,000,False,False,False,1,54
"### | 875 - 
",000,False,000,False,False,False,1,38
"### | 876 - 
",000,False,000,False,False,False,1,55
"### | 877 - 
",000,False,000,False,False,False,1,42
"### | 878 - 
",000,False,000,False,False,False,1,47
"### | 879 - 
",000,False,000,False,False,False,1,67
"### | 880 - 
",000,False,000,False,False,False,1,41
"### | 881 - 
",000,False,000,False,False,False,1,51
"### | 882 - 
",000,False,000,False,False,False,1,52
"### | 883 - 
",000,False,000,False,False,False,1,42
"### | 884 - 
",000,False,000,False,False,False,1,33
"### | 885 - 
",000,False,000,False,False,False,1,40
"### | 886 - 
",000,False,000,False,False,False,1,28
"### | 887 - 
",000,False,000,False,False,False,1,29
"### | 888 - 
",000,False,000,False,False,False,1,30
"### | 889 - 
",000,False,000,False,False,False,1,60
"### | 890 - 
",000,False,000,False,False,False,1,37
"### | 891 - 
",000,False,000,False,False,False,1,38
"### | 892 - 
",000,False,000,False,False,False,1,33
"### | 893 - 
",000,False,000,False,False,False,1,27
"### | 894 - 
",000,False,000,False,False,False,1,50
"### | 895 - 
",000,False,000,False,False,False,1,35
"### | 896 - 
",000,False,000,False,False,False,1,55
"### | 897 - 
",000,False,000,False,False,False,1,50
"### | 898 - 
",000,False,000,False,False,False,1,65
"### | 899 - 
",000,False,000,False,False,False,1,41
"### | 900 - 
",000,False,000,False,False,False,1,31
"### | 901 - 
",000,False,000,False,False,False,1,34
"### | 902 - 
",000,False,000,False,False,False,1,22
"### | 903 - 
",000,False,000,False,False,False,1,65
"### | 904 - 
",000,False,000,False,False,False,1,78
"### | 905 - 
",000,False,000,False,False,False,1,51
"### | 906 - 
",000,False,000,False,False,False,1,40
"### | 907 - 
",000,False,000,False,False,False,1,42
"### | 908 - 
",000,False,000,False,False,False,1,56
"### | 909 - 
",000,False,000,False,False,False,1,34
"### | 910 - 
",000,False,000,False,False,False,1,40
"### | 911 - 
",000,False,000,False,False,False,1,56
"### | 912 - 
",000,False,000,False,False,False,1,34
"### | 913 - 
",000,False,000,False,False,False,1,63
"### | 914 - 
",000,False,000,False,False,False,1,31
"### | 915 - 
",000,False,000,False,False,False,1,54
"### | 916 - 
",000,False,000,False,False,False,1,26
"### | 917 - 
",000,False,000,False,False,False,1,68
"### | 918 - 
",000,False,000,False,False,False,1,29
"### | 919 - 
",000,False,000,False,False,False,1,53
"### | 920 - 
",000,False,000,False,False,False,1,43
"### | 921 - 
",000,False,000,False,False,False,1,42
"### | 922 - 
",000,False,000,False,False,False,1,42
"### | 923 - 
",000,False,000,False,False,False,1,37
"### | 924 - 
",000,False,000,False,False,False,1,23
"### | 925 - 
",000,False,000,False,False,False,1,90
"### | 926 - 
",000,False,000,False,False,False,1,53
"### | 927 - 
",000,False,000,False,False,False,1,50
"### | 928 - 
",000,False,000,False,False,False,1,126
"### | 929 - 
",000,False,000,False,False,False,1,45
"### | 930 - 
",000,False,000,False,False,False,1,71
"### | 931 - 
",000,False,000,False,False,False,1,106
"### | 932 - 
",000,False,000,False,False,False,1,49
"### | 933 - 
",000,False,000,False,False,False,1,70
"### | 934 - 
",000,False,000,False,False,False,1,88
"### | 935 - 
",000,False,000,False,False,False,1,72
"### | 936 - 
",000,False,000,False,False,False,1,53
"### | 537 - 
",000,False,000,False,False,False,1,30
"### | 938 - 
",000,False,000,False,False,False,1,67
"### | 939 - 
",000,False,000,False,False,False,1,21
"### | 940 - 
",000,False,000,False,False,False,1,36
"### | 941 - 
",000,False,000,False,False,False,1,45
"### | 942 - 
",000,False,000,False,False,False,1,96
"### | 943 - 
",000,False,000,False,False,False,1,68
"### | 944 - 
",000,False,000,False,False,False,1,31
"### | 945 - 
",000,False,000,False,False,False,1,42
"### | 946 - 
",000,False,000,False,False,False,1,36
"### | 947 - 
",000,False,000,False,False,False,1,126
"### | 948 - 
",000,False,000,False,False,False,1,47
"### | 949 - 
",000,False,000,False,False,False,1,59
"### | 950 - 
",000,False,000,False,False,False,1,168
"### | 951 - 
",000,False,000,False,False,False,1,80
"### | 952 - 
",000,False,000,False,False,False,1,26
"### | 953 - 
",000,False,000,False,False,False,1,90
"### | 954 - 
",000,False,000,False,False,False,1,37
"### | 955 - 
",000,False,000,False,False,False,1,90
"### | 956 - 
",000,False,000,False,False,False,1,60
"### | 957 - 
",000,False,000,False,False,False,1,76
"### | 958 - 
",000,False,000,False,False,False,1,144
"### | 959 - 
",000,False,000,False,False,False,1,72
"### | 960 - 
",000,False,000,False,False,False,1,32
"### | 961 - 
",000,False,000,False,False,False,1,25
"### | 962 - 
",000,False,000,False,False,False,1,59
"### | 963 - 
",000,False,000,False,False,False,1,27
"### | 964 - 
",000,False,000,False,False,False,1,45
"### | 965 - 
",000,False,000,False,False,False,1,50
"### | 966 - 
",000,False,000,False,False,False,1,80
"### | 967 - 
",000,False,000,False,False,False,1,36
"### | 968 - 
",000,False,000,False,False,False,1,26
"### | 969 - 
",000,False,000,False,False,False,1,61
"### | 970 - 
",000,False,000,False,False,False,1,82
"### | 971 - 
",000,False,000,False,False,False,1,35
"### | 972 - 
",000,False,000,False,False,False,1,26
"### | 973 - 
",000,False,000,False,False,False,1,24
"### | 974 - 
",000,False,000,False,False,False,1,47
"### | 975 - 
",000,False,000,False,False,False,1,35
"### | 976 - 
",000,False,000,False,False,False,1,32
"### | 977 - 
",000,False,000,False,False,False,1,31
"### | 978 - 
",000,False,000,False,False,False,1,35
"### | 979 - 
",000,False,000,False,False,False,1,90
"### | 980 - 
",000,False,000,False,False,False,1,44
"### | 981 - 
",000,False,000,False,False,False,1,89
"### | 982 - 
",000,False,000,False,False,False,1,36
"### | 983 - 
",000,False,000,False,False,False,1,49
"### | 984 - 
",000,False,000,False,False,False,1,33
"### | 985 - 
",000,False,000,False,False,False,1,127
"### | 986 - 
",000,False,000,False,False,False,1,32
"### | 987 - 
",000,False,000,False,False,False,1,15
"### | 988 - 
",000,False,000,False,False,False,1,37
"### | 989 - 
",000,False,000,False,False,False,1,34
"### | 990 - 
",000,False,000,False,False,False,1,51
"### | 991 - 
",000,False,000,False,False,False,1,48
"### | 992 - 
",000,False,000,False,False,False,1,66
"### | 993 - 
",000,False,000,False,False,False,1,76
"### | 994 - 
",000,False,000,False,False,False,1,51
"### | 995 - 
",000,False,000,False,False,False,1,39
"### | 996 - 
",000,False,000,False,False,False,1,43
"### | 997 - 
",000,False,000,False,False,False,1,48
"### | 998 - 
",000,False,000,False,False,False,1,48
"### | 999 - 
",000,False,000,False,False,False,1,35
"### | 1000 - 
",000,False,000,False,False,False,1,95
"### | 1001 - 
",000,False,000,False,False,False,1,38
"### | 1002 - 
",000,False,000,False,False,False,1,34
"### | 1003 - 
",000,False,000,False,False,False,1,29
"### | 1004 - 
",000,False,000,False,False,False,1,37
"### | 1005 - 
",000,False,000,False,False,False,1,55
"### | 1006 - 
",000,False,000,False,False,False,1,78
"### | 1007 - 
",000,False,000,False,False,False,1,46
"### | 1008 - 
",000,False,000,False,False,False,1,43
"### | 1009 - 
",000,False,000,False,False,False,1,34
"### | 1010 - 
",000,False,000,False,False,False,1,63
"### | باب شرائط الصلاة
",000,False,000,False,False,False,1,19
"### | 1011 - 
",000,False,000,False,False,False,1,31
"### | 1012 - 
",000,False,000,False,False,False,1,35
"### | 1013 - 
",000,False,000,False,False,False,1,45
"### | 1014 - 
",000,False,000,False,False,False,1,90
"### | 1015 - 
",000,False,000,False,False,False,1,49
"### | 1016 - 
",000,False,000,False,False,False,1,63
"### | 1017 - 
",000,False,000,False,False,False,1,48
"### | 1018 - 
",000,False,000,False,False,False,1,66
"### | 1019 - 
",000,False,000,False,False,False,1,29
"### | 1020 - 
",000,False,000,False,False,False,1,33
"### | 1021 - 
",000,False,000,False,False,False,1,48
"### | 1022 - 
",000,False,000,False,False,False,1,25
"### | 1023 - 
",000,False,000,False,False,False,1,85
"### | 1024 - 
",000,False,000,False,False,False,1,46
"### | 1025 - 
",000,False,000,False,False,False,1,34
"### | 1026 - 
",000,False,000,False,False,False,1,40
"### | 1027 - 
",000,False,000,False,False,False,1,36
"### | 1028 - 
",000,False,000,False,False,False,1,29
"### | 1029 - 
",000,False,000,False,False,False,1,71
"### | 0103 - 
",000,False,000,False,False,False,1,50
"### | 1031 - 
",000,False,000,False,False,False,1,72
"### | 1032 - 
",000,False,000,False,False,False,1,32
"### | 1033 - 
",000,False,000,False,False,False,1,66
"### | 1034 - 
",000,False,000,False,False,False,1,55
"### | 1035 - 
",000,False,000,False,False,False,1,39
"### | 1036 - 
",000,False,000,False,False,False,1,43
"### | 1037 - 
",000,False,000,False,False,False,1,57
"### | 1038 - 
",000,False,000,False,False,False,1,37
"### | 1039 - 
",000,False,000,False,False,False,1,26
"### | 1040 - 
",000,False,000,False,False,False,1,43
"### | 1041 - 
",000,False,000,False,False,False,1,34
"### | 1042 - 
",000,False,000,False,False,False,1,37
"### | 1043 - 
",000,False,000,False,False,False,1,29
"### | 1044 - 
",000,False,000,False,False,False,1,92
"### | 1045 - 
",000,False,000,False,False,False,1,118
"### | 1046 - 
",000,False,000,False,False,False,1,110
"### | 1047 - 
",000,False,000,False,False,False,1,63
"### | 1048 - 
",000,False,000,False,False,False,1,44
"### | 1049 - 
",000,False,000,False,False,False,1,32
"### | 1050 - 
",000,False,000,False,False,False,1,78
"### | 1051 - 
",000,False,000,False,False,False,1,65
"### | 1052 - 
",000,False,000,False,False,False,1,31
"### | 1053 - 
",000,False,000,False,False,False,1,32
"### | 1054 - 
",000,False,000,False,False,False,1,40
"### | 1055 - 
",000,False,000,False,False,False,1,43
"### | 1056 - 
",000,False,000,False,False,False,1,25
"### | 1057 - 
",000,False,000,False,False,False,1,29
"### | 1058 - 
",000,False,000,False,False,False,1,33
"### | 1059 - 
",000,False,000,False,False,False,1,25
"### | 1060 - 
",000,False,000,False,False,False,1,51
"### | 1061 - 
",000,False,000,False,False,False,1,43
"### | 1062 - 
",000,False,000,False,False,False,1,64
"### | 1063 - 
",000,False,000,False,False,False,1,37
"### | 1064 - 
",000,False,000,False,False,False,1,65
"### | 1065 - 
",000,False,000,False,False,False,1,58
"### | 1066 - 
",000,False,000,False,False,False,1,118
"### | 1067 - 
",000,False,000,False,False,False,1,51
"### | 1068 - 
",000,False,000,False,False,False,1,42
"### | 1069 - 
",000,False,000,False,False,False,1,50
"### | 1070 - 
",000,False,000,False,False,False,1,31
"### | 1071 - 
",000,False,000,False,False,False,1,42
"### | 1072 - 
",000,False,000,False,False,False,1,30
"### | 1073 - 
",000,False,000,False,False,False,1,43
"### | 1074 - 
",000,False,000,False,False,False,1,30
"### | 1075 - 
",000,False,000,False,False,False,1,55
"### | 1076 - 
",000,False,000,False,False,False,1,31
"### | 1077 - 
",000,False,000,False,False,False,1,60
"### | 1078 - 
",000,False,000,False,False,False,1,93
"### | 1079 - 
",000,False,000,False,False,False,1,36
"### | 1080 - 
",000,False,000,False,False,False,1,29
"### | 1081 - 
",000,False,000,False,False,False,1,39
"### | 1082 - 
",000,False,000,False,False,False,1,27
"### | 1083 - 
",000,False,000,False,False,False,1,36
"### | 1084 - 
",000,False,000,False,False,False,1,48
"### | 1085 - 
",000,False,000,False,False,False,1,132
"### | 1086 - 
",000,False,000,False,False,False,1,40
"### | 1087 - 
",000,False,000,False,False,False,1,69
"### | 1088 - 
",000,False,000,False,False,False,1,46
"### | 1089 - 
",000,False,000,False,False,False,1,63
"### | 1090 - 
",000,False,000,False,False,False,1,35
"### | 1091 - 
",000,False,000,False,False,False,1,27
"### | 1092 - 
",000,False,000,False,False,False,1,46
"### | 1093 - 
",000,False,000,False,False,False,1,137
"### | 1094 - 
",000,False,000,False,False,False,1,82
"### | 1095 - 
",000,False,000,False,False,False,1,45
"### | 1096 - 
",000,False,000,False,False,False,1,49
"### | 1097 - 
",000,False,000,False,False,False,1,33
"### | 1098 - 
",000,False,000,False,False,False,1,35
"### | 1099 - 
",000,False,000,False,False,False,1,28
"### | 1100 - 
",000,False,000,False,False,False,1,64
"### | 1101 - 
",000,False,000,False,False,False,1,30
"### | 1102 - 
",000,False,000,False,False,False,1,182
"### | 1103 - 
",000,False,000,False,False,False,1,28
"### | 1104 - 
",000,False,000,False,False,False,1,24
"### | 1105 - 
",000,False,000,False,False,False,1,42
"### | 1106 - 
",000,False,000,False,False,False,1,52
"### | 1107 - 
",000,False,000,False,False,False,1,75
"### | 1108 - 
",000,False,000,False,False,False,1,103
"### | 1109 - 
",000,False,000,False,False,False,1,48
"### | 1110 - 
",000,False,000,False,False,False,1,42
"### | 1111 - 
",000,False,000,False,False,False,1,31
"### | 1112 - 
",000,False,000,False,False,False,1,88
"### | 1113 - 
",000,False,000,False,False,False,1,77
"### | 1114 - 
",000,False,000,False,False,False,1,57
"### | 1115 - 
",000,False,000,False,False,False,1,43
"### | 1116 - 
",000,False,000,False,False,False,1,43
"### | 1117 - 
",000,False,000,False,False,False,1,53
"### | 1118 - 
",000,False,000,False,False,False,1,58
"### | 1119 - 
",000,False,000,False,False,False,1,45
"### | 1120 - 
",000,False,000,False,False,False,1,34
"### | 1121 - 
",000,False,000,False,False,False,1,45
"### | 1122 - 
",000,False,000,False,False,False,1,162
"### | 1123 - 
",000,False,000,False,False,False,1,53
"### | 1124 - 
",000,False,000,False,False,False,1,36
"### | 1125 - 
",000,False,000,False,False,False,1,52
"### | 1126 - 
",000,False,000,False,False,False,1,32
"### | 1127 - 
",000,False,000,False,False,False,1,45
"### | 1128 - 
",000,False,000,False,False,False,1,76
"### | 1129 - 
",000,False,000,False,False,False,1,89
"### | 1130 - 
",000,False,000,False,False,False,1,96
"### | 1131 - 
",000,False,000,False,False,False,1,56
"### | 1132 - 
",000,False,000,False,False,False,1,103
"### | 1133 - 
",000,False,000,False,False,False,1,50
"### | 1134 - 
",000,False,000,False,False,False,1,96
"### | 1135 - 
",000,False,000,False,False,False,1,51
"### | 1136 - 
",000,False,000,False,False,False,1,36
"### | 1137 - 
",000,False,000,False,False,False,1,84
"### | 1138 - 
",000,False,000,False,False,False,1,50
"### | 1139 - 
",000,False,000,False,False,False,1,44
"### | 1140 - 
",000,False,000,False,False,False,1,55
"### | 1141 - 
",000,False,000,False,False,False,1,50
"### | 1142 - 
",000,False,000,False,False,False,1,125
"### | 1143 - 
",000,False,000,False,False,False,1,49
"### | 1144 - 
",000,False,000,False,False,False,1,47
"### | 1145 - 
",000,False,000,False,False,False,1,48
"### | 1146 - 
",000,False,000,False,False,False,1,61
"### | 1147 - 
",000,False,000,False,False,False,1,29
"### | 1148 - 
",000,False,000,False,False,False,1,48
"### | 1149 - 
",000,False,000,False,False,False,1,60
"### | 1150 - 
",000,False,000,False,False,False,1,78
"### | 1151 - 
",000,False,000,False,False,False,1,40
"### | 1152 - 
",000,False,000,False,False,False,1,54
"### | 1153 - 
",000,False,000,False,False,False,1,27
"### | 1154 - 
",000,False,000,False,False,False,1,44
"### | 1155 - 
",000,False,000,False,False,False,1,26
"### | 1156 - 
",000,False,000,False,False,False,1,31
"### | 1157 - 
",000,False,000,False,False,False,1,34
"### | 1158 - 
",000,False,000,False,False,False,1,93
"### | 1159 - 
",000,False,000,False,False,False,1,31
"### | 1160 - 
",000,False,000,False,False,False,1,85
"### | 1161 - 
",000,False,000,False,False,False,1,54
"### | 1162 - 
",000,False,000,False,False,False,1,23
"### | 1163 - 
",000,False,000,False,False,False,1,37
"### | 1164 - 
",000,False,000,False,False,False,1,31
"### | 1165 - 
",000,False,000,False,False,False,1,92
"### | 1166 - 
",000,False,000,False,False,False,1,59
"### | 1167 - 
",000,False,000,False,False,False,1,82
"### | 1168 - 
",000,False,000,False,False,False,1,107
"### | 1169 - 
",000,False,000,False,False,False,1,117
"### | 1170 - 
",000,False,000,False,False,False,1,55
"### | 1171 - 
",000,False,000,False,False,False,1,67
"### | 1172 - 
",000,False,000,False,False,False,1,79
"### | 1173 - 
",000,False,000,False,False,False,1,125
"### | 1174 - 
",000,False,000,False,False,False,1,51
"### | 1175 - 
",000,False,000,False,False,False,1,159
"### | 1176 - 
",000,False,000,False,False,False,1,53
"### | 1177 - 
",000,False,000,False,False,False,1,29
"### | 1178 - 
",000,False,000,False,False,False,1,41
"### | 1179 - 
",000,False,000,False,False,False,1,110
"### | 1180 - 
",000,False,000,False,False,False,1,91
"### | 1181 - 
",000,False,000,False,False,False,1,28
"### | 1182 - 
",000,False,000,False,False,False,1,98
"### | 1183 - 
",000,False,000,False,False,False,1,51
"### | 1184 - 
",000,False,000,False,False,False,1,37
"### | 1185 - 
",000,False,000,False,False,False,1,84
"### | 1186 - 
",000,False,000,False,False,False,1,66
"### | 1187 - 
",000,False,000,False,False,False,1,47
"### | 1188 - 
",000,False,000,False,False,False,1,184
"### | 1189 - 
",000,False,000,False,False,False,1,88
"### | 1190 - 
",000,False,000,False,False,False,1,58
"### | 1191 - 
",000,False,000,False,False,False,1,22
"### | 1192 - 
",000,False,000,False,False,False,1,72
"### | 1193 - 
",000,False,000,False,False,False,1,25
"### | 1194 - 
",000,False,000,False,False,False,1,27
"### | 1195 - 
",000,False,000,False,False,False,1,58
"### | 1196 - 
",000,False,000,False,False,False,1,969
"### | باب صفة الصلاة
",000,False,000,False,False,False,1,15
"### | 1197 - 
",000,False,000,False,False,False,1,28
"### | 1198 - 
",000,False,000,False,False,False,1,36
"### | 1199 - 
",000,False,000,False,False,False,1,68
"### | 1200 - 
",000,False,000,False,False,False,1,32
"### | 1201 - 
",000,False,000,False,False,False,1,67
"### | 1202 - 
",000,False,000,False,False,False,1,53
"### | 1203 - 
",000,False,000,False,False,False,1,29
"### | 1204 - 
",000,False,000,False,False,False,1,44
"### | 1205 - 
",000,False,000,False,False,False,1,38
"### | 1206 - 
",000,False,000,False,False,False,1,52
"### | 1207 - 
",000,False,000,False,False,False,1,49
"### | 1208 - 
",000,False,000,False,False,False,1,40
"### | 1209 - 
",000,False,000,False,False,False,1,48
"### | 1210 - 
",000,False,000,False,False,False,1,50
"### | 1211 - 
",000,False,000,False,False,False,1,60
"### | 1212 - 
",000,False,000,False,False,False,1,44
"### | 1213 - 
",000,False,000,False,False,False,1,40
"### | 1214 - 
",000,False,000,False,False,False,1,27
"### | 1215 - 
",000,False,000,False,False,False,1,36
"### | 1216 - 
",000,False,000,False,False,False,1,138
"### | 1217 - 
",000,False,000,False,False,False,1,68
"### | 1218 - 
",000,False,000,False,False,False,1,59
"### | 1219 - 
",000,False,000,False,False,False,1,26
"### | 1220 - 
",000,False,000,False,False,False,1,30
"### | 1221 - 
",000,False,000,False,False,False,1,33
"### | 1222 - 
",000,False,000,False,False,False,1,43
"### | 1223 - 
",000,False,000,False,False,False,1,19
"### | 1224 - 
",000,False,000,False,False,False,1,34
"### | 1225 - 
",000,False,000,False,False,False,1,30
"### | 1226 - 
",000,False,000,False,False,False,1,37
"### | 1227 - 
",000,False,000,False,False,False,1,137
"### | 1228 - 
",000,False,000,False,False,False,1,41
"### | 1229 - 
",000,False,000,False,False,False,1,43
"### | 1230 - 
",000,False,000,False,False,False,1,29
"### | 1231 - 
",000,False,000,False,False,False,1,55
"### | 1232 - 
",000,False,000,False,False,False,1,42
"### | 1233 - 
",000,False,000,False,False,False,1,71
"### | 1234 - 
",000,False,000,False,False,False,1,56
"### | 1235 - 
",000,False,000,False,False,False,1,33
"### | 1236 - 
",000,False,000,False,False,False,1,29
"### | 1237 - 
",000,False,000,False,False,False,1,21
"### | 1238 - 
",000,False,000,False,False,False,1,43
"### | 239 - 
",000,False,000,False,False,False,1,51
"### | 1240 - 
",000,False,000,False,False,False,1,49
"### | 1241 - 
",000,False,000,False,False,False,1,106
"### | 1242 - 
",000,False,000,False,False,False,1,33
"### | 1243 - 
",000,False,000,False,False,False,1,20
"### | 1244 - 
",000,False,000,False,False,False,1,45
"### | 1245 - 
",000,False,000,False,False,False,1,96
"### | 1246 - 
",000,False,000,False,False,False,1,37
"### | 1247 - 
",000,False,000,False,False,False,1,160
"### | 1248 - 
",000,False,000,False,False,False,1,72
"### | 1249 - 
",000,False,000,False,False,False,1,94
"### | 1250 - 
",000,False,000,False,False,False,1,93
"### | 1251 - 
",000,False,000,False,False,False,1,104
"### | 1252 - 
",000,False,000,False,False,False,1,66
"### | 1253 - 
",000,False,000,False,False,False,1,27
"### | 1254 - 
",000,False,000,False,False,False,1,37
"### | 1255 - 
",000,False,000,False,False,False,1,77
"### | 1256 - 
",000,False,000,False,False,False,1,48
"### | 12 - 
",000,False,000,False,False,False,1,47
"### | 1258 - 
",000,False,000,False,False,False,1,185
"### | 1259 - 
",000,False,000,False,False,False,1,94
"### | 1261 - 
",000,False,000,False,False,False,1,77
"### | 1262 - 
",000,False,000,False,False,False,1,88
"### | 1263 - 
",000,False,000,False,False,False,1,116
"### | 1264 - 
",000,False,000,False,False,False,1,52
"### | 1265 - 
",000,False,000,False,False,False,1,39
"### | 1266 - 
",000,False,000,False,False,False,1,53
"### | 1267 - 
",000,False,000,False,False,False,1,48
"### | 1268 - 
",000,False,000,False,False,False,1,44
"### | 1269 - 
",000,False,000,False,False,False,1,27
"### | 1270 - 
",000,False,000,False,False,False,1,97
"### | 1271 - 
",000,False,000,False,False,False,1,71
"### | 1272 - 
",000,False,000,False,False,False,1,152
"### | 1273 - 
",000,False,000,False,False,False,1,165
"### | 412 - 
",000,False,000,False,False,False,1,79
"### | 1275 - 
",000,False,000,False,False,False,1,53
"### | 1276 - 
",000,False,000,False,False,False,1,236
"### | 1277 - 
",000,False,000,False,False,False,1,37
"### | 1278 - 
",000,False,000,False,False,False,1,60
"### | 1279 - 
",000,False,000,False,False,False,1,45
"### | 1285 - 
",000,False,000,False,False,False,1,42
"### | 1281 - 
",000,False,000,False,False,False,1,34
"### | 1282 - 
",000,False,000,False,False,False,1,35
"### | 1283 - 
",000,False,000,False,False,False,1,17
"### | 1284 - 
",000,False,000,False,False,False,1,46
"### | 1285 - 
",000,False,000,False,False,False,1,43
"### | 1286 - 
",000,False,000,False,False,False,1,70
"### | 1287 - 
",000,False,000,False,False,False,1,71
"### | 1288 - 
",000,False,000,False,False,False,1,193
"### | 1289 - 
",000,False,000,False,False,False,1,70
"### | 1290 - 
",000,False,000,False,False,False,1,26
"### | 1291 - 
",000,False,000,False,False,False,1,25
"### | 1292 - 
",000,False,000,False,False,False,1,84
"### | 1293 - 
",000,False,000,False,False,False,1,105
"### | 1294 - 
",000,False,000,False,False,False,1,70
"### | 1295 - 
",000,False,000,False,False,False,1,45
"### | 1296 - 
",000,False,000,False,False,False,1,69
"### | 1297 - 
",000,False,000,False,False,False,1,90
"### | 1298 - 
",000,False,000,False,False,False,1,21
"### | 1299 - 
",000,False,000,False,False,False,1,74
"### | 1300 - 
",000,False,000,False,False,False,1,32
"### | 1301 - 
",000,False,000,False,False,False,1,91
"### | 1302 - 
",000,False,000,False,False,False,1,149
"### | 1303 - 
",000,False,000,False,False,False,1,29
"### | 1304 - 
",000,False,000,False,False,False,1,76
"### | 1305 - 
",000,False,000,False,False,False,1,74
"### | 1306 - 
",000,False,000,False,False,False,1,39
"### | 1307 - 
",000,False,000,False,False,False,1,30
"### | 1308 - 
",000,False,000,False,False,False,1,131
"### | 1309 - 
",000,False,000,False,False,False,1,23
"### | 1310 - 
",000,False,000,False,False,False,1,29
"### | 1311 - 
",000,False,000,False,False,False,1,62
"### | 1312 - 
",000,False,000,False,False,False,1,77
"### | 1313 - 
",000,False,000,False,False,False,1,62
"### | 1314 - 
",000,False,000,False,False,False,1,62
"### | 1315 - 
",000,False,000,False,False,False,1,51
"### | 1316 - 
",000,False,000,False,False,False,1,31
"### | 1317 - 
",000,False,000,False,False,False,1,24
"### | 1318 - 
",000,False,000,False,False,False,1,190
"### | 1319 - 
",000,False,000,False,False,False,1,80
"### | 1320 - 
",000,False,000,False,False,False,1,33
"### | 1321 - 
",000,False,000,False,False,False,1,47
"### | 1322 - 
",000,False,000,False,False,False,1,26
"### | 1323 - 
",000,False,000,False,False,False,1,92
"### | 1324 - 
",000,False,000,False,False,False,1,42
"### | 1325 - 
",000,False,000,False,False,False,1,27
"### | 1326 - 
",000,False,000,False,False,False,1,69
"### | 1327 - 
",000,False,000,False,False,False,1,111
"### | 1328 - 
",000,False,000,False,False,False,1,40
"### | 1329 - 
",000,False,000,False,False,False,1,37
"### | 1330 - 
",000,False,000,False,False,False,1,29
"### | 1331 - 
",000,False,000,False,False,False,1,48
"### | 1332 - 
",000,False,000,False,False,False,1,44
"### | 1333 - 
",000,False,000,False,False,False,1,34
"### | 1334 - 
",000,False,000,False,False,False,1,35
"### | 1335 - 
",000,False,000,False,False,False,1,25
"### | 1336 - 
",000,False,000,False,False,False,1,57
"### | 1337 - 
",000,False,000,False,False,False,1,37
"### | 1338 - 
",000,False,000,False,False,False,1,42
"### | 1339 - 
",000,False,000,False,False,False,1,51
"### | 1340 - 
",000,False,000,False,False,False,1,59
"### | 1341 - 
",000,False,000,False,False,False,1,93
"### | 1342 - 
",000,False,000,False,False,False,1,128
"### | 1343 - 
",000,False,000,False,False,False,1,39
"### | 1344 - 
",000,False,000,False,False,False,1,67
"### | 1345 - 
",000,False,000,False,False,False,1,61
"### | 1346 - 
",000,False,000,False,False,False,1,88
"### | 1347 - 
",000,False,000,False,False,False,1,31
"### | 1348 - 
",000,False,000,False,False,False,1,23
"### | 1349 - 
",000,False,000,False,False,False,1,36
"### | 1350 - 
",000,False,000,False,False,False,1,35
"### | 1351 - 
",000,False,000,False,False,False,1,32
"### | 1352 - 
",000,False,000,False,False,False,1,27
"### | 1353 - 
",000,False,000,False,False,False,1,29
"### | 1354 - 
",000,False,000,False,False,False,1,58
"### | 1355 - 
",000,False,000,False,False,False,1,35
"### | 1356 - 
",000,False,000,False,False,False,1,49
"### | 1357 - 
",000,False,000,False,False,False,1,43
"### | 1358 - 
",000,False,000,False,False,False,1,17
"### | 1359 - 
",000,False,000,False,False,False,1,23
"### | 1360 - 
",000,False,000,False,False,False,1,25
"### | 1361 - 
",000,False,000,False,False,False,1,77
"### | 1362 - 
",000,False,000,False,False,False,1,28
"### | 1363 - 
",000,False,000,False,False,False,1,40
"### | 1364 - 
",000,False,000,False,False,False,1,109
"### | 1365 - 
",000,False,000,False,False,False,1,38
"### | 1366 - 
",000,False,000,False,False,False,1,40
"### | 1367 - 
",000,False,000,False,False,False,1,46
"### | 1368 - 
",000,False,000,False,False,False,1,29
"### | 1369 - 
",000,False,000,False,False,False,1,24
"### | 1370 - 
",000,False,000,False,False,False,1,21
"### | 1371 - 
",000,False,000,False,False,False,1,89
"### | 1372 - 
",000,False,000,False,False,False,1,55
"### | 1373 - 
",000,False,000,False,False,False,1,43
"### | 1374 - 
",000,False,000,False,False,False,1,130
"### | 1375 - 
",000,False,000,False,False,False,1,91
"### | 1376 - 
",000,False,000,False,False,False,1,96
"### | 1377 - 
",000,False,000,False,False,False,1,57
"### | 1378 - 
",000,False,000,False,False,False,1,35
"### | 1379 - 
",000,False,000,False,False,False,1,26
"### | 1380 - 
",000,False,000,False,False,False,1,56
"### | 1381 - 
",000,False,000,False,False,False,1,63
"### | 1382 - 
",000,False,000,False,False,False,1,118
"### | 1383 - 
",000,False,000,False,False,False,1,39
"### | 1384 - 
",000,False,000,False,False,False,1,91
"### | 1385 - 
",000,False,000,False,False,False,1,39
"### | 1386 - 
",000,False,000,False,False,False,1,37
"### | 1387 - 
",000,False,000,False,False,False,1,64
"### | 1388 - 
",000,False,000,False,False,False,1,41
"### | 1389 - 
",000,False,000,False,False,False,1,57
"### | 1390 - 
",000,False,000,False,False,False,1,14
"### | 1391 - 
",000,False,000,False,False,False,1,22
"### | 1392 - 
",000,False,000,False,False,False,1,17
"### | 1393 - 
",000,False,000,False,False,False,1,41
"### | 1394 - 
",000,False,000,False,False,False,1,45
"### | 513 - 
",000,False,000,False,False,False,1,28
"### | 1396 - 
",000,False,000,False,False,False,1,23
"### | 1397 - 
",000,False,000,False,False,False,1,44
"### | 1398 - 
",000,False,000,False,False,False,1,110
"### | 1399 - 
",000,False,000,False,False,False,1,68
"### | 1400 - 
",000,False,000,False,False,False,1,75
"### | 1401 - 
",000,False,000,False,False,False,1,41
"### | 1402 - 
",000,False,000,False,False,False,1,45
"### | 1403 - 
",000,False,000,False,False,False,1,61
"### | 1404 - 
",000,False,000,False,False,False,1,64
"### | 1405 - 
",000,False,000,False,False,False,1,42
"### | 1406 - 
",000,False,000,False,False,False,1,44
"### | 1407 - 
",000,False,000,False,False,False,1,54
"### | 1408 - 
",000,False,000,False,False,False,1,57
"### | 1409 - 
",000,False,000,False,False,False,1,62
"### | 1410 - 
",000,False,000,False,False,False,1,51
"### | 1411 - 
",000,False,000,False,False,False,1,114
"### | 1412 - 
",000,False,000,False,False,False,1,74
"### | 1413 - 
",000,False,000,False,False,False,1,61
"### | 1414 - 
",000,False,000,False,False,False,1,155
"### | 1415 - 
",000,False,000,False,False,False,1,82
"### | 1416 - 
",000,False,000,False,False,False,1,45
"### | 1417 - 
",000,False,000,False,False,False,1,40
"### | 1418 - 
",000,False,000,False,False,False,1,40
"### | 1419 - 
",000,False,000,False,False,False,1,21
"### | 1420 - 
",000,False,000,False,False,False,1,52
"### | 1421 - 
",000,False,000,False,False,False,1,92
"### | 1422 - 
",000,False,000,False,False,False,1,49
"### | 1423 - 
",000,False,000,False,False,False,1,42
"### | 1424 - 
",000,False,000,False,False,False,1,28
"### | 1425 - 
",000,False,000,False,False,False,1,22
"### | 1426 - 
",000,False,000,False,False,False,1,64
"### | 1427 - 
",000,False,000,False,False,False,1,22
"### | 1428 - 
",000,False,000,False,False,False,1,19
"### | 1429 - 
",000,False,000,False,False,False,1,28
"### | 1430 - 
",000,False,000,False,False,False,1,44
"### | 1431 - 
",000,False,000,False,False,False,1,48
"### | 1432 - 
",000,False,000,False,False,False,1,42
"### | 1433 - 
",000,False,000,False,False,False,1,26
"### | 1434 - 
",000,False,000,False,False,False,1,46
"### | 1435 - 
",000,False,000,False,False,False,1,37
"### | 1436 - 
",000,False,000,False,False,False,1,38
"### | 1437 - 
",000,False,000,False,False,False,1,13
"### | 1438 - 
",000,False,000,False,False,False,1,14
"### | 1439 - 
",000,False,000,False,False,False,1,31
"### | 1440 - 
",000,False,000,False,False,False,1,52
"### | 1441 - 
",000,False,000,False,False,False,1,67
"### | 1442 - 
",000,False,000,False,False,False,1,79
"### | 1443 - 
",000,False,000,False,False,False,1,32
"### | 1444 - 
",000,False,000,False,False,False,1,33
"### | 1445 - 
",000,False,000,False,False,False,1,42
"### | 1446 - 
",000,False,000,False,False,False,1,48
"### | 1447 - 
",000,False,000,False,False,False,1,34
"### | 1448 - 
",000,False,000,False,False,False,1,47
"### | 1449 - 
",000,False,000,False,False,False,1,48
"### | 1450 - 
",000,False,000,False,False,False,1,29
"### | 1451 - 
",000,False,000,False,False,False,1,42
"### | 1452 - 
",000,False,000,False,False,False,1,70
"### | 1453 - 
",000,False,000,False,False,False,1,51
"### | 1454 - 
",000,False,000,False,False,False,1,46
"### | 1455 - 
",000,False,000,False,False,False,1,38
"### | 1456 - 
",000,False,000,False,False,False,1,55
"### | 1457 - 
",000,False,000,False,False,False,1,51
"### | 1458 - 
",000,False,000,False,False,False,1,33
"### | 1459 - 
",000,False,000,False,False,False,1,34
"### | 1460 - 
",000,False,000,False,False,False,1,42
"### | 1461 - 
",000,False,000,False,False,False,1,56
"### | 1462 - 
",000,False,000,False,False,False,1,45
"### | 1463 - 
",000,False,000,False,False,False,1,28
"### | 1464 - 
",000,False,000,False,False,False,1,42
"### | 1465 - 
",000,False,000,False,False,False,1,28
"### | 1466 - 
",000,False,000,False,False,False,1,81
"### | 1467 - 
",000,False,000,False,False,False,1,46
"### | 1468 - 
",000,False,000,False,False,False,1,27
"### | 1469 - 
",000,False,000,False,False,False,1,87
"### | 1470 - 
",000,False,000,False,False,False,1,49
"### | 1471 - 
",000,False,000,False,False,False,1,60
"### | 1472 - 
",000,False,000,False,False,False,1,53
"### | 1473 - 
",000,False,000,False,False,False,1,28
"### | 1474 - 
",000,False,000,False,False,False,1,76
"### | 1475 - 
",000,False,000,False,False,False,1,16
"### | 1476 - 
",000,False,000,False,False,False,1,24
"### | 1477 - 
",000,False,000,False,False,False,1,42
"### | 1478 - 
",000,False,000,False,False,False,1,37
"### | 1479 - 
",000,False,000,False,False,False,1,49
"### | 1480 - 
",000,False,000,False,False,False,1,45
"### | 1481 - 
",000,False,000,False,False,False,1,70
"### | 1482 - 
",000,False,000,False,False,False,1,37
"### | 1483 - 
",000,False,000,False,False,False,1,26
"### | 1484 - 
",000,False,000,False,False,False,1,34
"### | 1485 - 
",000,False,000,False,False,False,1,51
"### | 1486 - 
",000,False,000,False,False,False,1,41
"### | 1487 - 
",000,False,000,False,False,False,1,59
"### | 1488 - 
",000,False,000,False,False,False,1,38
"### | 1489 - 
",000,False,000,False,False,False,1,41
"### | 1490 - 
",000,False,000,False,False,False,1,70
"### | 1491 - 
",000,False,000,False,False,False,1,34
"### | 1492 - 
",000,False,000,False,False,False,1,51
"### | 1493 - 
",000,False,000,False,False,False,1,87
"### | 1494 - 
",000,False,000,False,False,False,1,40
"### | 1495 - 
",000,False,000,False,False,False,1,65
"### | 1496 - 
",000,False,000,False,False,False,1,122
"### | 1497 - 
",000,False,000,False,False,False,1,28
"### | 1498 - 
",000,False,000,False,False,False,1,115
"### | 1499 - 
",000,False,000,False,False,False,1,46
"### | 1500 - 
",000,False,000,False,False,False,1,166
"### | 1501 - 
",000,False,000,False,False,False,1,52
"### | 1502 - 
",000,False,000,False,False,False,1,224
"### | 1503 - 
",000,False,000,False,False,False,1,57
"### | 1504 - 
",000,False,000,False,False,False,1,63
"### | 1505 - 
",000,False,000,False,False,False,1,42
"### | 1506 - 
",000,False,000,False,False,False,1,54
"### | 1507 - 
",000,False,000,False,False,False,1,67
"### | 1508 - 
",000,False,000,False,False,False,1,81
"### | 1509 - 
",000,False,000,False,False,False,1,46
"### | 1510 - 
",000,False,000,False,False,False,1,39
"### | 1511 - 
",000,False,000,False,False,False,1,72
"### | 1512 - 
",000,False,000,False,False,False,1,51
"### | 1513 - 
",000,False,000,False,False,False,1,44
"### | 1514 - 
",000,False,000,False,False,False,1,88
"### | 1515 - 
",000,False,000,False,False,False,1,82
"### | 1516 - 
",000,False,000,False,False,False,1,43
"### | 1517 - 
",000,False,000,False,False,False,1,56
"### | 1518 - 
",000,False,000,False,False,False,1,58
"### | 1519 - 
",000,False,000,False,False,False,1,102
"### | 1520 - 
",000,False,000,False,False,False,1,48
"### | 1521 - 
",000,False,000,False,False,False,1,85
"### | 1522 - 
",000,False,000,False,False,False,1,66
"### | 1523 - 
",000,False,000,False,False,False,1,34
"### | 1524 - 
",000,False,000,False,False,False,1,50
"### | 1525 - 
",000,False,000,False,False,False,1,54
"### | 1526 - 
",000,False,000,False,False,False,1,67
"### | 1527 - 
",000,False,000,False,False,False,1,75
"### | 1528 - 
",000,False,000,False,False,False,1,88
"### | 1529 - 
",000,False,000,False,False,False,1,37
"### | 1530 - 
",000,False,000,False,False,False,1,42
"### | 1531 - 
",000,False,000,False,False,False,1,72
"### | 1532 - 
",000,False,000,False,False,False,1,29
"### | 1533 - 
",000,False,000,False,False,False,1,30
"### | 1534 - 
",000,False,000,False,False,False,1,34
"### | 1535 - 
",000,False,000,False,False,False,1,38
"### | 1536 - 
",000,False,000,False,False,False,1,41
"### | 1537 - 
",000,False,000,False,False,False,1,92
"### | 1538 - 
",000,False,000,False,False,False,1,42
"### | 1539 - 
",000,False,000,False,False,False,1,38
"### | 0154 - 
",000,False,000,False,False,False,1,40
"### | 1541 - 
",000,False,000,False,False,False,1,34
"### | 1542 - 
",000,False,000,False,False,False,1,108
"### | 1543 - 
",000,False,000,False,False,False,1,56
"### | 1544 - 
",000,False,000,False,False,False,1,54
"### | 1545 - 
",000,False,000,False,False,False,1,36
"### | 1546 - 
",000,False,000,False,False,False,1,49
"### | 1547 - 
",000,False,000,False,False,False,1,33
"### | 1548 - 
",000,False,000,False,False,False,1,71
"### | 1549 - 
",000,False,000,False,False,False,1,34
"### | 1550 - 
",000,False,000,False,False,False,1,33
"### | 1551 - 
",000,False,000,False,False,False,1,306
"### | 1552 - 
",000,False,000,False,False,False,1,180
"### | 1553 - 
",000,False,000,False,False,False,1,32
"### | 1554 - 
",000,False,000,False,False,False,1,30
"### | 1555 - 
",000,False,000,False,False,False,1,83
"### | 1557 - 
",000,False,000,False,False,False,1,31
"### | 1558 - 
",000,False,000,False,False,False,1,72
"### | 1559 - 
",000,False,000,False,False,False,1,26
"### | 1560 - 
",000,False,000,False,False,False,1,77
"### | 1561 - 
",000,False,000,False,False,False,1,79
"### | 1562 - 
",000,False,000,False,False,False,1,92
"### | 1563 - 
",000,False,000,False,False,False,1,39
"### | 1564 - 
",000,False,000,False,False,False,1,72
"### | 1565 - 
",000,False,000,False,False,False,1,41
"### | 1566 - 
",000,False,000,False,False,False,1,54
"### | 1567 - 
",000,False,000,False,False,False,1,229
"### | 1568 - 
",000,False,000,False,False,False,1,67
"### | 1569 - 
",000,False,000,False,False,False,1,84
"### | 1570 - 
",000,False,000,False,False,False,1,65
"### | 1571 - 
",000,False,000,False,False,False,1,60
"### | 1572 - 
",000,False,000,False,False,False,1,67
"### | 1573 - 
",000,False,000,False,False,False,1,73
"### | 1574 - 
",000,False,000,False,False,False,1,37
"### | 1575 - 
",000,False,000,False,False,False,1,58
"### | 1576 - 
",000,False,000,False,False,False,1,68
"### | 1577 - 
",000,False,000,False,False,False,1,102
"### | 1578 - 
",000,False,000,False,False,False,1,54
"### | 1579 - 
",000,False,000,False,False,False,1,95
"### | 1580 - 
",000,False,000,False,False,False,1,155
"### | 1581 - 
",000,False,000,False,False,False,1,30
"### | 1582 - 
",000,False,000,False,False,False,1,45
"### | 1583 - 
",000,False,000,False,False,False,1,145
"### | 1584 - 
",000,False,000,False,False,False,1,37
"### | 1585 - 
",000,False,000,False,False,False,1,90
"### | 1586 - 
",000,False,000,False,False,False,1,48
"### | 1587 - 
",000,False,000,False,False,False,1,48
"### | 1588 - 
",000,False,000,False,False,False,1,73
"### | 1589 - 
",000,False,000,False,False,False,1,25
"### | 1590 - 
",000,False,000,False,False,False,1,91
"### | 1591 - 
",000,False,000,False,False,False,1,25
"### | 1592 - 
",000,False,000,False,False,False,1,49
"### | 1593 - 
",000,False,000,False,False,False,1,51
"### | 1594 - 
",000,False,000,False,False,False,1,72
"### | 1595 - 
",000,False,000,False,False,False,1,44
"### | 1596 - 
",000,False,000,False,False,False,1,20
"### | 1597 - 
",000,False,000,False,False,False,1,26
"### | 1598 - 
",000,False,000,False,False,False,1,37
"### | 1599 - 
",000,False,000,False,False,False,1,90
"### | 1600 - 
",000,False,000,False,False,False,1,67
"### | 1601 - 
",000,False,000,False,False,False,1,37
"### | 1602 - 
",000,False,000,False,False,False,1,35
"### | 1603 - 
",000,False,000,False,False,False,1,73
"### | 1604 - 
",000,False,000,False,False,False,1,52
"### | 1605 - 
",000,False,000,False,False,False,1,96
"### | 1606 - 
",000,False,000,False,False,False,1,31
"### | 1607 - 
",000,False,000,False,False,False,1,50
"### | 1608 - 
",000,False,000,False,False,False,1,15
"### | 1609 - 
",000,False,000,False,False,False,1,48
"### | 1610 - 
",000,False,000,False,False,False,1,66
"### | 1611 - 
",000,False,000,False,False,False,1,29
"### | 1612 - 
",000,False,000,False,False,False,1,70
"### | 1613 - 
",000,False,000,False,False,False,1,29
"### | 1614 - 
",000,False,000,False,False,False,1,32
"### | 1615 - 
",000,False,000,False,False,False,1,33
"### | 1616 - 
",000,False,000,False,False,False,1,64
"### | 1617 - 
",000,False,000,False,False,False,1,67
"### | 1618 - 
",000,False,000,False,False,False,1,35
"### | 1619 - 
",000,False,000,False,False,False,1,279
"### | 1620 - 
",000,False,000,False,False,False,1,38
"### | 1621 - 
",000,False,000,False,False,False,1,45
"### | 1622 - 
",000,False,000,False,False,False,1,83
"### | 1623 - 
",000,False,000,False,False,False,1,29
"### | 1624 - 
",000,False,000,False,False,False,1,46
"### | 1625 - 
",000,False,000,False,False,False,1,136
"### | 1626 - 
",000,False,000,False,False,False,1,44
"### | 1627 - 
",000,False,000,False,False,False,1,65
"### | 1628 - 
",000,False,000,False,False,False,1,31
"### | 1629 - 
",000,False,000,False,False,False,1,47
"### | 1630 - 
",000,False,000,False,False,False,1,28
"### | 1631 - 
",000,False,000,False,False,False,1,43
"### | 1632 - 
",000,False,000,False,False,False,1,42
"### | 1633 - 
",000,False,000,False,False,False,1,73
"### | 1634 - 
",000,False,000,False,False,False,1,63
"### | 1635 - 
",000,False,000,False,False,False,1,178
"### | 1636 - 
",000,False,000,False,False,False,1,33
"### | 1637 - 
",000,False,000,False,False,False,1,52
"### | 1638 - 
",000,False,000,False,False,False,1,34
"### | 1639 - 
",000,False,000,False,False,False,1,35
"### | 1640 - 
",000,False,000,False,False,False,1,25
"### | 1641 - 
",000,False,000,False,False,False,1,59
"### | 1642 - 
",000,False,000,False,False,False,1,49
"### | 1643 - 
",000,False,000,False,False,False,1,38
"### | 1644 - 
",000,False,000,False,False,False,1,41
"### | 1645 - 
",000,False,000,False,False,False,1,48
"### | 1646 - 
",000,False,000,False,False,False,1,43
"### | 1647 - 
",000,False,000,False,False,False,1,51
"### | 1648 - 
",000,False,000,False,False,False,1,80
"### | 1649 - 
",000,False,000,False,False,False,1,41
"### | 1650 - 
",000,False,000,False,False,False,1,61
"### | 1651 - 
",000,False,000,False,False,False,1,32
"### | 1652 - 
",000,False,000,False,False,False,1,37
"### | 1653 - 
",000,False,000,False,False,False,1,32
"### | 1654 - 
",000,False,000,False,False,False,1,25
"### | 1655 - 
",000,False,000,False,False,False,1,53
"### | 656 - 
",000,False,000,False,False,False,1,35
"### | 1657 - 
",000,False,000,False,False,False,1,50
"### | 1658 - 
",000,False,000,False,False,False,1,71
"### | 1659 - 
",000,False,000,False,False,False,1,28
"### | 1660 - 
",000,False,000,False,False,False,1,53
"### | 1661 - 
",000,False,000,False,False,False,1,39
"### | 1662 - 
",000,False,000,False,False,False,1,39
"### | 1663 - 
",000,False,000,False,False,False,1,52
"### | 1664 - 
",000,False,000,False,False,False,1,30
"### | 1665 - 
",000,False,000,False,False,False,1,40
"### | 1666 - 
",000,False,000,False,False,False,1,64
"### | 1667 - 
",000,False,000,False,False,False,1,52
"### | 1668 - 
",000,False,000,False,False,False,1,90
"### | 1669 - 
",000,False,000,False,False,False,1,38
"### | 0167 - 
",000,False,000,False,False,False,1,34
"### | 1671 - 
",000,False,000,False,False,False,1,41
"### | 1672 - 
",000,False,000,False,False,False,1,53
"### | 1673 - 
",000,False,000,False,False,False,1,30
"### | 1674 - 
",000,False,000,False,False,False,1,27
"### | 1675 - 
",000,False,000,False,False,False,1,60
"### | 1676 - 
",000,False,000,False,False,False,1,95
"### | 1677 - 
",000,False,000,False,False,False,1,74
"### | 1678 - 
",000,False,000,False,False,False,1,206
"### | 1679 - 
",000,False,000,False,False,False,1,45
"### | 1680 - 
",000,False,000,False,False,False,1,38
"### | 1681 - 
",000,False,000,False,False,False,1,56
"### | 1682 - 
",000,False,000,False,False,False,1,47
"### | 1683 - 
",000,False,000,False,False,False,1,46
"### | 1684 - 
",000,False,000,False,False,False,1,38
"### | 1685 - 
",000,False,000,False,False,False,1,56
"### | 1686 - 
",000,False,000,False,False,False,1,23
"### | 1687 - 
",000,False,000,False,False,False,1,71
"### | 1688 - 
",000,False,000,False,False,False,1,35
"### | 1689 - 
",000,False,000,False,False,False,1,35
"### | 1690 - 
",000,False,000,False,False,False,1,27
"### | 1691 - 
",000,False,000,False,False,False,1,61
"### | 1692 - 
",000,False,000,False,False,False,1,25
"### | 1693 - 
",000,False,000,False,False,False,1,26
"### | 1694 - 
",000,False,000,False,False,False,1,40
"### | 1695 - 
",000,False,000,False,False,False,1,34
"### | 1696 - 
",000,False,000,False,False,False,1,31
"### | 1697 - 
",000,False,000,False,False,False,1,20
"### | باب سجود السهو
",000,False,000,False,False,False,1,17
"### | 1698 - 
",000,False,000,False,False,False,1,315
"### | 1699 - 
",000,False,000,False,False,False,1,95
"### | 1700 - 
",000,False,000,False,False,False,1,77
"### | 1701 - 
",000,False,000,False,False,False,1,45
"### | 1702 - 
",000,False,000,False,False,False,1,141
"### | 1703 - 
",000,False,000,False,False,False,1,145
"### | 1704 - 
",000,False,000,False,False,False,1,27
"### | 1705 - 
",000,False,000,False,False,False,1,196
"### | 1706 - 
",000,False,000,False,False,False,1,204
"### | 1707 - 
",000,False,000,False,False,False,1,88
"### | 1708 - 
",000,False,000,False,False,False,1,177
"### | 1709 - 
",000,False,000,False,False,False,1,45
"### | 1710 - 
",000,False,000,False,False,False,1,207
"### | 1711 - 
",000,False,000,False,False,False,1,60
"### | 1712 - 
",000,False,000,False,False,False,1,71
"### | 713 - 
",000,False,000,False,False,False,1,71
"### | 1714 - 
",000,False,000,False,False,False,1,58
"### | 1715 - 
",000,False,000,False,False,False,1,51
"### | 1716 - 
",000,False,000,False,False,False,1,55
"### | 1717 - 
",000,False,000,False,False,False,1,48
"### | 1718 - 
",000,False,000,False,False,False,1,19
"### | 1719 - 
",000,False,000,False,False,False,1,82
"### | 1720 - 
",000,False,000,False,False,False,1,69
"### | 1721 - 
",000,False,000,False,False,False,1,125
"### | 1722 - 
",000,False,000,False,False,False,1,29
"### | 1723 - 
",000,False,000,False,False,False,1,81
"### | 1724 - 
",000,False,000,False,False,False,1,24
"### | 1725 - 
",000,False,000,False,False,False,1,24
"### | 1726 - 
",000,False,000,False,False,False,1,53
"### | 717 - 
",000,False,000,False,False,False,1,42
"### | 1728 - 
",000,False,000,False,False,False,1,48
"### | 1729 - 
",000,False,000,False,False,False,1,38
"### | 1730 - 
",000,False,000,False,False,False,1,37
"### | 1731 - 
",000,False,000,False,False,False,1,56
"### | 1732 - 
",000,False,000,False,False,False,1,92
"### | 1733 - 
",000,False,000,False,False,False,1,78
"### | 1734 - 
",000,False,000,False,False,False,1,69
"### | 1735 - 
",000,False,000,False,False,False,1,40
"### | 1736 - 
",000,False,000,False,False,False,1,25
"### | 1737 - 
",000,False,000,False,False,False,1,49
"### | 1738 - 
",000,False,000,False,False,False,1,77
"### | 1739 - 
",000,False,000,False,False,False,1,26
"### | 1740 - 
",000,False,000,False,False,False,1,84
"### | 1741 - 
",000,False,000,False,False,False,1,48
"### | 1742 - 
",000,False,000,False,False,False,1,64
"### | 1743 - 
",000,False,000,False,False,False,1,59
"### | 1744 - 
",000,False,000,False,False,False,1,90
"### | 1745 - 
",000,False,000,False,False,False,1,54
"### | 1746 - 
",000,False,000,False,False,False,1,89
"### | 1747 - 
",000,False,000,False,False,False,1,41
"### | 1748 - 
",000,False,000,False,False,False,1,42
"### | 1749 - 
",000,False,000,False,False,False,1,81
"### | 1750 - 
",000,False,000,False,False,False,1,60
"### | 1751 - 
",000,False,000,False,False,False,1,59
"### | 1752 - 
",000,False,000,False,False,False,1,37
"### | 1753 - 
",000,False,000,False,False,False,1,81
"### | 1754 - 
",000,False,000,False,False,False,1,44
"### | 1755 - 
",000,False,000,False,False,False,1,99
"### | 1756 - 
",000,False,000,False,False,False,1,41
"### | 1757 - 
",000,False,000,False,False,False,1,69
"### | 1758 - 
",000,False,000,False,False,False,1,150
"### | 1759 - 
",000,False,000,False,False,False,1,84
"### | 1760 - 
",000,False,000,False,False,False,1,93
"### | 1761 - 
",000,False,000,False,False,False,1,96
"### | 1762 - 
",000,False,000,False,False,False,1,51
"### | 1763 - 
",000,False,000,False,False,False,1,35
"### | 1764 - 
",000,False,000,False,False,False,1,92
"### | 1765 - 
",000,False,000,False,False,False,1,50
"### | 1766 - 
",000,False,000,False,False,False,1,33
"### | 1767 - 
",000,False,000,False,False,False,1,24
"### | 1768 - 
",000,False,000,False,False,False,1,47
"### | 1769 - 
",000,False,000,False,False,False,1,61
"### | 1770 - 
",000,False,000,False,False,False,1,96
"### | 1771 - 
",000,False,000,False,False,False,1,50
"### | 1772 - 
",000,False,000,False,False,False,1,46
"### | 1773 - 
",000,False,000,False,False,False,1,58
"### | 1774 - 
",000,False,000,False,False,False,1,25
"### | 1775 - 
",000,False,000,False,False,False,1,76
"### | 1776 - 
",000,False,000,False,False,False,1,36
"### | 1777 - 
",000,False,000,False,False,False,1,129
"### | 1778 - 
",000,False,000,False,False,False,1,27
"### | 1779 - 
",000,False,000,False,False,False,1,44
"### | 1780 - 
",000,False,000,False,False,False,1,75
"### | 1781 - 
",000,False,000,False,False,False,1,31
"### | 1782 - 
",000,False,000,False,False,False,1,86
"### | 1783 - 
",000,False,000,False,False,False,1,38
"### | 1784 - 
",000,False,000,False,False,False,1,69
"### | 1785 - 
",000,False,000,False,False,False,1,31
"### | 1786 - 
",000,False,000,False,False,False,1,145
"### | 1787 - 
",000,False,000,False,False,False,1,19
"### | 1788 - 
",000,False,000,False,False,False,1,23
"### | 1789 - 
",000,False,000,False,False,False,1,48
"### | 1790 - 
",000,False,000,False,False,False,1,57
"### | 1791 - 
",000,False,000,False,False,False,1,270
"### | 1792 - 
",000,False,000,False,False,False,1,12
"### | 1793 - 
",000,False,000,False,False,False,1,25
"### | 1794 - 
",000,False,000,False,False,False,1,53
"### | 1795 - 
",000,False,000,False,False,False,1,40
"### | 1796 - 
",000,False,000,False,False,False,1,48
"### | 1797 - 
",000,False,000,False,False,False,1,59
"### | 1798 - 
",000,False,000,False,False,False,1,43
"### | 1799 - 
",000,False,000,False,False,False,1,43
"### | 1800 - 
",000,False,000,False,False,False,1,70
"### | 1801 - 
",000,False,000,False,False,False,1,56
"### | 1802 - 
",000,False,000,False,False,False,1,30
"### | 1803 - 
",000,False,000,False,False,False,1,49
"### | 1804 - 
",000,False,000,False,False,False,1,67
"### | 1805 - 
",000,False,000,False,False,False,1,79
"### | 1806 - 
",000,False,000,False,False,False,1,38
"### | 1807 - 
",000,False,000,False,False,False,1,33
"### | 1808 - 
",000,False,000,False,False,False,1,96
"### | 1809 - 
",000,False,000,False,False,False,1,42
"### | 1810 - 
",000,False,000,False,False,False,1,133
"### | 1811 - 
",000,False,000,False,False,False,1,72
"### | 1812 - 
",000,False,000,False,False,False,1,95
"### | 1813 - 
",000,False,000,False,False,False,1,100
"### | 1814 - 
",000,False,000,False,False,False,1,54
"### | 1815 - 
",000,False,000,False,False,False,1,49
"### | 1816 - 
",000,False,000,False,False,False,1,63
"### | 1817 - 
",000,False,000,False,False,False,1,70
"### | 1818 - 
",000,False,000,False,False,False,1,52
"### | 1819 - 
",000,False,000,False,False,False,1,27
"### | 1820 - 
",000,False,000,False,False,False,1,20
"### | 1821 - 
",000,False,000,False,False,False,1,38
"### | 1822 - 
",000,False,000,False,False,False,1,45
"### | 1823 - 
",000,False,000,False,False,False,1,49
"### | 1824 - 
",000,False,000,False,False,False,1,54
"### | 1825 - 
",000,False,000,False,False,False,1,65
"### | 1826 - 
",000,False,000,False,False,False,1,40
"### | 1827 - 
",000,False,000,False,False,False,1,78
"### | 1828 - 
",000,False,000,False,False,False,1,62
"### | 1829 - 
",000,False,000,False,False,False,1,135
"### | 1830 - 
",000,False,000,False,False,False,1,143
"### | 1831 - 
",000,False,000,False,False,False,1,88
"### | 1832 - 
",000,False,000,False,False,False,1,40
"### | 1833 - 
",000,False,000,False,False,False,1,43
"### | 1834 - 
",000,False,000,False,False,False,1,41
"### | 1835 - 
",000,False,000,False,False,False,1,46
"### | 1836 - 
",000,False,000,False,False,False,1,30
"### | 1837 - 
",000,False,000,False,False,False,1,85
"### | 1838 - 
",000,False,000,False,False,False,1,45
"### | 1839 - 
",000,False,000,False,False,False,1,20
"### | 1840 - 
",000,False,000,False,False,False,1,57
"### | 1841 - 
",000,False,000,False,False,False,1,43
"### | 1842 - 
",000,False,000,False,False,False,1,22
"### | 1843 - 
",000,False,000,False,False,False,1,31
"### | 1844 - 
",000,False,000,False,False,False,1,26
"### | 1845 - 
",000,False,000,False,False,False,1,32
"### | 1846 - 
",000,False,000,False,False,False,1,28
"### | 1847 - 
",000,False,000,False,False,False,1,31
"### | 1848 - 
",000,False,000,False,False,False,1,33
"### | 1849 - 
",000,False,000,False,False,False,1,78
"### | 1850 - 
",000,False,000,False,False,False,1,29
"### | 1851 - 
",000,False,000,False,False,False,1,75
"### | 1852 - 
",000,False,000,False,False,False,1,53
"### | 1853 - 
",000,False,000,False,False,False,1,21
"### | 1854 - 
",000,False,000,False,False,False,1,35
"### | 1855 - 
",000,False,000,False,False,False,1,27
"### | 1856 - 
",000,False,000,False,False,False,1,35
"### | 1857 - 
",000,False,000,False,False,False,1,28
"### | 1858 - 
",000,False,000,False,False,False,1,37
"### | 1859 - 
",000,False,000,False,False,False,1,38
"### | 1860 - 
",000,False,000,False,False,False,1,41
"### | 1861 - 
",000,False,000,False,False,False,1,46
"### | 1862 - 
",000,False,000,False,False,False,1,40
"### | 1863 - 
",000,False,000,False,False,False,1,44
"### | 1864 - 
",000,False,000,False,False,False,1,56
"### | 1865 - 
",000,False,000,False,False,False,1,43
"### | 1866 - 
",000,False,000,False,False,False,1,33
"### | 1867 - 
",000,False,000,False,False,False,1,36
"### | 1868 - 
",000,False,000,False,False,False,1,71
"### | 1869 - 
",000,False,000,False,False,False,1,39
"### | 1870 - 
",000,False,000,False,False,False,1,40
"### | 1871 - 
",000,False,000,False,False,False,1,45
"### | 1872 - 
",000,False,000,False,False,False,1,51
"### | 1873 - 
",000,False,000,False,False,False,1,67
"### | 1874 - 
",000,False,000,False,False,False,1,69
"### | 1875 - 
",000,False,000,False,False,False,1,25
"### | 1876 - 
",000,False,000,False,False,False,1,31
"### | 1877 - 
",000,False,000,False,False,False,1,29
"### | 1878 - 
",000,False,000,False,False,False,1,40
"### | 1879 - 
",000,False,000,False,False,False,1,35
"### | 1880 - 
",000,False,000,False,False,False,1,72
"### | 1881 - 
",000,False,000,False,False,False,1,24
"### | 1882 - 
",000,False,000,False,False,False,1,51
"### | 1883 - 
",000,False,000,False,False,False,1,79
"### | 1884 - 
",000,False,000,False,False,False,1,25
"### | 315 باب الصلاة إلى المتحدثين والنيام
",000,False,000,False,False,False,1,12
"### | 1885 - 
",000,False,000,False,False,False,1,78
"### | 1886 - 
",000,False,000,False,False,False,1,55
"### | 1887 - 
",000,False,000,False,False,False,1,31
"### | 1888 - 
",000,False,000,False,False,False,1,53
"### | 1889 - 
",000,False,000,False,False,False,1,74
"### | 1890 - 
",000,False,000,False,False,False,1,74
"### | 1891 - 
",000,False,000,False,False,False,1,58
"### | 1892 - 
",000,False,000,False,False,False,1,76
"### | 1893 - 
",000,False,000,False,False,False,1,29
"### | 1894 - 
",000,False,000,False,False,False,1,59
"### | 1895 - 
",000,False,000,False,False,False,1,34
"### | 1896 - 
",000,False,000,False,False,False,1,39
"### | 1897 - 
",000,False,000,False,False,False,1,82
"### | 1898 - 
",000,False,000,False,False,False,1,21
"### | 1899 - 
",000,False,000,False,False,False,1,27
"### | 1900 - 
",000,False,000,False,False,False,1,94
"### | 1901 - 
",000,False,000,False,False,False,1,26
"### | 1902 - 
",000,False,000,False,False,False,1,30
"### | 1903 - 
",000,False,000,False,False,False,1,19
"### | 1904 - 
",000,False,000,False,False,False,1,28
"### | 1905 - 
",000,False,000,False,False,False,1,28
"### | 1906 - 
",000,False,000,False,False,False,1,24
"### | 1907 - 
",000,False,000,False,False,False,1,29
"### | 1908 - 
",000,False,000,False,False,False,1,45
"### | 1909 - 
",000,False,000,False,False,False,1,82
"### | 1910 - 
",000,False,000,False,False,False,1,33
"### | 1911 - 
",000,False,000,False,False,False,1,49
"### | 1912 - 
",000,False,000,False,False,False,1,21
"### | 1913 - 
",000,False,000,False,False,False,1,61
"### | 1914 - 
",000,False,000,False,False,False,1,54
"### | 1915 - 
",000,False,000,False,False,False,1,65
"### | 1916 - 
",000,False,000,False,False,False,1,41
"### | 1917 - 
",000,False,000,False,False,False,1,54
"### | 1918 - 
",000,False,000,False,False,False,1,43
"### | 1919 - 
",000,False,000,False,False,False,1,56
"### | 1920 - 
",000,False,000,False,False,False,1,57
"### | 1921 - 
",000,False,000,False,False,False,1,42
"### | 1922 - 
",000,False,000,False,False,False,1,22
"### | 1923 - 
",000,False,000,False,False,False,1,48
"### | 1924 - 
",000,False,000,False,False,False,1,48
"### | 1925 - 
",000,False,000,False,False,False,1,39
"### | 1926 - 
",000,False,000,False,False,False,1,168
"### | 1927 - 
",000,False,000,False,False,False,1,62
"### | 1928 - 
",000,False,000,False,False,False,1,45
"### | 1929 - 
",000,False,000,False,False,False,1,23
"### | 1930 - 
",000,False,000,False,False,False,1,43
"### | 1931 - 
",000,False,000,False,False,False,1,56
"### | 1932 - 
",000,False,000,False,False,False,1,47
"### | 1933 - 
",000,False,000,False,False,False,1,45
"### | 1934 - 
",000,False,000,False,False,False,1,43
"### | 1935 - 
",000,False,000,False,False,False,1,32
"### | 1936 - 
",000,False,000,False,False,False,1,64
"### | 1937 - 
",000,False,000,False,False,False,1,46
"### | 1938 - 
",000,False,000,False,False,False,1,76
"### | 1939 - 
",000,False,000,False,False,False,1,60
"### | 1940 - 
",000,False,000,False,False,False,1,45
"### | 1941 - 
",000,False,000,False,False,False,1,28
"### | 1942 - 
",000,False,000,False,False,False,1,32
"### | 1943 - 
",000,False,000,False,False,False,1,40
"### | 1944 - 
",000,False,000,False,False,False,1,125
"### | باب جماع صلاة الوتر
",000,False,000,False,False,False,1,12
"### | 1945 - 
",000,False,000,False,False,False,1,54
"### | 1946 - 
",000,False,000,False,False,False,1,48
"### | 1947 - 
",000,False,000,False,False,False,1,46
"### | 1948 - 
",000,False,000,False,False,False,1,30
"### | 1949 - 
",000,False,000,False,False,False,1,58
"### | 1950 - 
",000,False,000,False,False,False,1,61
"### | 1951 - 
",000,False,000,False,False,False,1,30
"### | 1952 - 
",000,False,000,False,False,False,1,135
"### | 1953 - 
",000,False,000,False,False,False,1,54
"### | 1954 - 
",000,False,000,False,False,False,1,51
"### | 955 - 
",000,False,000,False,False,False,1,75
"### | 1956 - 
",000,False,000,False,False,False,1,72
"### | 1957 - 
",000,False,000,False,False,False,1,56
"### | 1958 - 
",000,False,000,False,False,False,1,37
"### | 1959 - 
",000,False,000,False,False,False,1,38
"### | 1960 - 
",000,False,000,False,False,False,1,66
"### | 1961 - 
",000,False,000,False,False,False,1,33
"### | 1962 - 
",000,False,000,False,False,False,1,82
"### | 1963 - 
",000,False,000,False,False,False,1,29
"### | 1964 - 
",000,False,000,False,False,False,1,71
"### | 1965 - 
",000,False,000,False,False,False,1,33
"### | 1966 - 
",000,False,000,False,False,False,1,39
"### | 1967 - 
",000,False,000,False,False,False,1,38
"### | 1968 - 
",000,False,000,False,False,False,1,34
"### | 1969 - 
",000,False,000,False,False,False,1,31
"### | 1970 - 
",000,False,000,False,False,False,1,41
"### | 1971 - 
",000,False,000,False,False,False,1,43
"### | 1972 - 
",000,False,000,False,False,False,1,21
"### | 1973 - 
",000,False,000,False,False,False,1,39
"### | 1974 - 
",000,False,000,False,False,False,1,38
"### | 1975 - 
",000,False,000,False,False,False,1,28
"### | 1976 - 
",000,False,000,False,False,False,1,20
"### | 1977 - 
",000,False,000,False,False,False,1,55
"### | 1978 - 
",000,False,000,False,False,False,1,31
"### | 1979 - 
",000,False,000,False,False,False,1,54
"### | 1980 - 
",000,False,000,False,False,False,1,30
"### | 1981 - 
",000,False,000,False,False,False,1,39
"### | 1982 - 
",000,False,000,False,False,False,1,95
"### | 1983 - 
",000,False,000,False,False,False,1,24
"### | 1984 - 
",000,False,000,False,False,False,1,52
"### | 1985 - 
",000,False,000,False,False,False,1,51
"### | 1986 - 
",000,False,000,False,False,False,1,30
"### | 1987 - 
",000,False,000,False,False,False,1,65
"### | 1988 - 
",000,False,000,False,False,False,1,55
"### | 1989 - 
",000,False,000,False,False,False,1,39
"### | 1990 - 
",000,False,000,False,False,False,1,28
"### | 1991 - 
",000,False,000,False,False,False,1,30
"### | 1992 - 
",000,False,000,False,False,False,1,43
"### | 1993 - 
",000,False,000,False,False,False,1,25
"### | 1994 - 
",000,False,000,False,False,False,1,96
"### | 1995 - 
",000,False,000,False,False,False,1,32
"### | 1996 - 
",000,False,000,False,False,False,1,76
"### | 1997 - 
",000,False,000,False,False,False,1,50
"### | 1998 - 
",000,False,000,False,False,False,1,85
"### | 1999 - 
",000,False,000,False,False,False,1,73
"### | 2000 - 
",000,False,000,False,False,False,1,98
"### | 2001 - 
",000,False,000,False,False,False,1,101
"### | 2002 - 
",000,False,000,False,False,False,1,70
"### | 2003 - 
",000,False,000,False,False,False,1,74
"### | 2004 - 
",000,False,000,False,False,False,1,40
"### | 2005 - 
",000,False,000,False,False,False,1,64
"### | 2006 - 
",000,False,000,False,False,False,1,32
"### | 2007 - 
",000,False,000,False,False,False,1,50
"### | 2008 - 
",000,False,000,False,False,False,1,48
"### | 2009 - 
",000,False,000,False,False,False,1,48
"### | 2010 - 
",000,False,000,False,False,False,1,79
"### | 2011 - 
",000,False,000,False,False,False,1,56
"### | 2012 - 
",000,False,000,False,False,False,1,32
"### | باب في صلاة الضحى
",000,False,000,False,False,False,1,14
"### | 2013 - 
",000,False,000,False,False,False,1,40
"### | 2014 - 
",000,False,000,False,False,False,1,15
"### | 2015 - 
",000,False,000,False,False,False,1,51
"### | 2016 - 
",000,False,000,False,False,False,1,48
"### | 2017 - 
",000,False,000,False,False,False,1,59
"### | 2018 - 
",000,False,000,False,False,False,1,66
"### | 2019 - 
",000,False,000,False,False,False,1,21
"### | 2020 - 
",000,False,000,False,False,False,1,39
"### | 2021 - 
",000,False,000,False,False,False,1,24
"### | 2022 - 
",000,False,000,False,False,False,1,53
"### | 2023 - 
",000,False,000,False,False,False,1,109
"### | 2024 - 
",000,False,000,False,False,False,1,43
"### | 2025 - 
",000,False,000,False,False,False,1,42
"### | 2026 - 
",000,False,000,False,False,False,1,36
"### | 2027 - 
",000,False,000,False,False,False,1,53
"### | 2028 - 
",000,False,000,False,False,False,1,107
"### | 2029 - 
",000,False,000,False,False,False,1,78
"### | 2030 - 
",000,False,000,False,False,False,1,28
"### | 2031 - 
",000,False,000,False,False,False,1,37
"### | 2032 - 
",000,False,000,False,False,False,1,24
"### | 2033 - 
",000,False,000,False,False,False,1,63
"### | 2034 - 
",000,False,000,False,False,False,1,94
"### | 2035 - 
",000,False,000,False,False,False,1,88
"### | 2036 - 
",000,False,000,False,False,False,1,86
"### | 2037 - 
",000,False,000,False,False,False,1,25
"### | 2038 - 
",000,False,000,False,False,False,1,143
"### | 2039 - 
",000,False,000,False,False,False,1,19
"### | 2040 - 
",000,False,000,False,False,False,1,17
"### | 2041 - 
",000,False,000,False,False,False,1,24
"### | 2042 - 
",000,False,000,False,False,False,1,54
"### | 2043 - 
",000,False,000,False,False,False,1,131
"### | 2044 - 
",000,False,000,False,False,False,1,91
"### | 2045 - 
",000,False,000,False,False,False,1,124
"### | 2046 - 
",000,False,000,False,False,False,1,181
"### | 2047 - 
",000,False,000,False,False,False,1,410
"### | 2048 - 
",000,False,000,False,False,False,1,57
"### | 2049 - 
",000,False,000,False,False,False,1,39
"### | 2050 - 
",000,False,000,False,False,False,1,36
"### | 2051 - 
",000,False,000,False,False,False,1,61
"### | 2052 - 
",000,False,000,False,False,False,1,57
"### | 2053 - 
",000,False,000,False,False,False,1,60
"### | 2054 - 
",000,False,000,False,False,False,1,38
"### | 2055 - 
",000,False,000,False,False,False,1,64
"### | 2056 - 
",000,False,000,False,False,False,1,14
"### | 2057 - 
",000,False,000,False,False,False,1,29
"### | 2058 - 
",000,False,000,False,False,False,1,22
"### | 2059 - 
",000,False,000,False,False,False,1,42
"### | 2060 - 
",000,False,000,False,False,False,1,45
"### | 2061 - 
",000,False,000,False,False,False,1,27
"### | 2062 - 
",000,False,000,False,False,False,1,24
"### | 2063 - 
",000,False,000,False,False,False,1,48
"### | 2064 - 
",000,False,000,False,False,False,1,17
"### | 2065 - 
",000,False,000,False,False,False,1,55
"### | 2066 - 
",000,False,000,False,False,False,1,42
"### | 2067 - 
",000,False,000,False,False,False,1,59
"### | 2068 - 
",000,False,000,False,False,False,1,21
"### | 2069 - 
",000,False,000,False,False,False,1,26
"### | 2070 - 
",000,False,000,False,False,False,1,43
"### | 2071 - 
",000,False,000,False,False,False,1,37
"### | 2072 - 
",000,False,000,False,False,False,1,43
"### | 2073 - 
",000,False,000,False,False,False,1,40
"### | 2074 - 
",000,False,000,False,False,False,1,25
"### | 2075 - 
",000,False,000,False,False,False,1,31
"### | 2076 - 
",000,False,000,False,False,False,1,65
"### | 2077 - 
",000,False,000,False,False,False,1,100
"### | 2078 - 
",000,False,000,False,False,False,1,92
"### | 2079 - 
",000,False,000,False,False,False,1,42
"### | 2080 - 
",000,False,000,False,False,False,1,75
"### | 2081 - 
",000,False,000,False,False,False,1,17
"### | 371 - 
",000,False,000,False,False,False,1,2
"### | 
",000,False,000,False,False,False,1,0
"### | باب 
",000,False,000,False,False,False,1,11
"### | 2082 - 
",000,False,000,False,False,False,1,56
"### | 2083 - 
",000,False,000,False,False,False,1,47
"### | 2084 - 
",000,False,000,False,False,False,1,106
"### | 2085 - 
",000,False,000,False,False,False,1,35
"### | 2086 - 
",000,False,000,False,False,False,1,15
"### | 2087 - 
",000,False,000,False,False,False,1,39
"### | 2088 - 
",000,False,000,False,False,False,1,37
"### | 2089 - 
",000,False,000,False,False,False,1,50
"### | 2090 - 
",000,False,000,False,False,False,1,28
"### | 2091 - 
",000,False,000,False,False,False,1,75
"### | 2092 - 
",000,False,000,False,False,False,1,46
"### | 2093 - 
",000,False,000,False,False,False,1,52
"### | 2094 - 
",000,False,000,False,False,False,1,59
"### | 2095 - 
",000,False,000,False,False,False,1,43
"### | 2096 - 
",000,False,000,False,False,False,1,74
"### | 2097 - 
",000,False,000,False,False,False,1,86
"### | 2098 - 
",000,False,000,False,False,False,1,43
"### | 2099 - 
",000,False,000,False,False,False,1,36
"### | 2100 - 
",000,False,000,False,False,False,1,63
"### | 2101 - 
",000,False,000,False,False,False,1,26
"### | 2102 - 
",000,False,000,False,False,False,1,31
"### | 2103 - 
",000,False,000,False,False,False,1,27
"### | 2104 - 
",000,False,000,False,False,False,1,25
"### | 2105 - 
",000,False,000,False,False,False,1,114
"### | 2106 - 
",000,False,000,False,False,False,1,54
"### | 2107 - 
",000,False,000,False,False,False,1,41
"### | 2108 - 
",000,False,000,False,False,False,1,19
"### | 2109 - 
",000,False,000,False,False,False,1,27
"### | 2110 - 
",000,False,000,False,False,False,1,63
"### | 2111 - 
",000,False,000,False,False,False,1,58
"### | 2112 - 
",000,False,000,False,False,False,1,143
"### | 2113 - 
",000,False,000,False,False,False,1,65
"### | 2114 - 
",000,False,000,False,False,False,1,25
"### | 2115 - 
",000,False,000,False,False,False,1,32
"### | 2116 - 
",000,False,000,False,False,False,1,34
"### | 2117 - 
",000,False,000,False,False,False,1,40
"### | 2118 - 
",000,False,000,False,False,False,1,37
"### | 2119 - 
",000,False,000,False,False,False,1,129
"### | 2120 - 
",000,False,000,False,False,False,1,61
"### | 380 - 
",000,False,000,False,False,False,1,2
"### | 
",000,False,000,False,False,False,1,0
"### | 
",000,False,000,False,False,False,1,0
"### | صفة أخرى من صلاة الخوف
",000,False,000,False,False,False,1,5
"### | 2121 - 
",000,False,000,False,False,False,1,59
"### | 381 - 
",000,False,000,False,False,False,1,13
"### | 2122 - 
",000,False,000,False,False,False,1,59
"### | 382 - 
",000,False,000,False,False,False,1,2
"### | 
",000,False,000,False,False,False,1,0
"### | 
",000,False,000,False,False,False,1,0
"### | صفة أخرى من صلاة الخوف
",000,False,000,False,False,False,1,5
"### | 2123 - 
",000,False,000,False,False,False,1,106
"### | 383 - 
",000,False,000,False,False,False,1,30
"### | 2124 - 
",000,False,000,False,False,False,1,59
"### | 384 - 
",000,False,000,False,False,False,1,2
"### | 
",000,False,000,False,False,False,1,0
"### | صفة أخرى من صلاة الخوف
",000,False,000,False,False,False,1,5
"### | 2125 - 
",000,False,000,False,False,False,1,146
"### | 2126 - 
",000,False,000,False,False,False,1,155
"### | 385 - 
",000,False,000,False,False,False,1,2
"### | 
",000,False,000,False,False,False,1,0
"### | صفة أخرى من صلاة الخوف
",000,False,000,False,False,False,1,5
"### | 2127 - 
",000,False,000,False,False,False,1,26
"### | 2128 - 
",000,False,000,False,False,False,1,75
"### | 2129 - 
",000,False,000,False,False,False,1,100
"### | 2130 - 
",000,False,000,False,False,False,1,63
"### | 2131 - 
",000,False,000,False,False,False,1,41
"### | 386 - 
",000,False,000,False,False,False,1,2
"### | 
",000,False,000,False,False,False,1,0
"### | صفة أخرى من صلاة الخوف
",000,False,000,False,False,False,1,5
"### | 2132 - 
",000,False,000,False,False,False,1,176
"### | 2133 - 
",000,False,000,False,False,False,1,149
"### | 2134 - 
",000,False,000,False,False,False,1,99
"### | 2135 - 
",000,False,000,False,False,False,1,113
"### | 2136 - 
",000,False,000,False,False,False,1,97
"### | 2137 - 
",000,False,000,False,False,False,1,87
"### | 2138 - 
",000,False,000,False,False,False,1,115
"### | كتاب الجمعة
",000,False,000,False,False,False,1,10
"### | 2139 - 
",000,False,000,False,False,False,1,54
"### | 2140 - 
",000,False,000,False,False,False,1,69
"### | 2141 - 
",000,False,000,False,False,False,1,47
"### | 2142 - 
",000,False,000,False,False,False,1,19
"### | 2143 - 
",000,False,000,False,False,False,1,50
"### | 2144 - 
",000,False,000,False,False,False,1,66
"### | 2145 - 
",000,False,000,False,False,False,1,164
"### | 2146 - 
",000,False,000,False,False,False,1,63
"### | 2147 - 
",000,False,000,False,False,False,1,31
"### | 2148 - 
",000,False,000,False,False,False,1,28
"### | 2149 - 
",000,False,000,False,False,False,1,29
"### | 2150 - 
",000,False,000,False,False,False,1,38
"### | 2151 - 
",000,False,000,False,False,False,1,45
"### | 2152 - 
",000,False,000,False,False,False,1,43
"### | 2153 - 
",000,False,000,False,False,False,1,30
"### | 2154 - 
",000,False,000,False,False,False,1,36
"### | 2155 - 
",000,False,000,False,False,False,1,50
"### | 2156 - 
",000,False,000,False,False,False,1,60
"### | 2157 - 
",000,False,000,False,False,False,1,101
"### | 2158 - 
",000,False,000,False,False,False,1,46
"### | 2159 - 
",000,False,000,False,False,False,1,93
"### | 2160 - 
",000,False,000,False,False,False,1,39
"### | 2161 - 
",000,False,000,False,False,False,1,36
"### | 2162 - 
",000,False,000,False,False,False,1,30
"### | 2163 - 
",000,False,000,False,False,False,1,27
"### | 2164 - 
",000,False,000,False,False,False,1,26
"### | 2165 - 
",000,False,000,False,False,False,1,45
"### | 2166 - 
",000,False,000,False,False,False,1,63
"### | 2167 - 
",000,False,000,False,False,False,1,68
"### | 2168 - 
",000,False,000,False,False,False,1,37
"### | 2169 - 
",000,False,000,False,False,False,1,70
"### | 2170 - 
",000,False,000,False,False,False,1,58
"### | 2171 - 
",000,False,000,False,False,False,1,69
"### | 2172 - 
",000,False,000,False,False,False,1,56
"### | 2173 - 
",000,False,000,False,False,False,1,27
"### | 2174 - 
",000,False,000,False,False,False,1,52
"### | 2175 - 
",000,False,000,False,False,False,1,37
"### | 2176 - 
",000,False,000,False,False,False,1,105
"### | 2177 - 
",000,False,000,False,False,False,1,58
"### | 2178 - 
",000,False,000,False,False,False,1,40
"### | 2179 - 
",000,False,000,False,False,False,1,52
"### | 2180 - 
",000,False,000,False,False,False,1,63
"### | 2181 - 
",000,False,000,False,False,False,1,35
"### | 2182 - 
",000,False,000,False,False,False,1,33
"### | 2183 - 
",000,False,000,False,False,False,1,35
"### | 2184 - 
",000,False,000,False,False,False,1,44
"### | 2185 - 
",000,False,000,False,False,False,1,68
"### | 2186 - 
",000,False,000,False,False,False,1,45
"### | 2187 - 
",000,False,000,False,False,False,1,37
"### | 2188 - 
",000,False,000,False,False,False,1,79
"### | 2189 - 
",000,False,000,False,False,False,1,163
"### | 2190 - 
",000,False,000,False,False,False,1,57
"### | 2191 - 
",000,False,000,False,False,False,1,36
"### | 2192 - 
",000,False,000,False,False,False,1,65
"### | 2193 - 
",000,False,000,False,False,False,1,85
"### | 2194 - 
",000,False,000,False,False,False,1,94
"### | 2195 - 
",000,False,000,False,False,False,1,53
"### | 2196 - 
",000,False,000,False,False,False,1,59
"### | 2197 - 
",000,False,000,False,False,False,1,46
"### | 2198 - 
",000,False,000,False,False,False,1,45
"### | 2199 - 
",000,False,000,False,False,False,1,35
"### | 2200 - 
",000,False,000,False,False,False,1,35
"### | 2201 - 
",000,False,000,False,False,False,1,43
"### | 2202 - 
",000,False,000,False,False,False,1,101
"### | 2203 - 
",000,False,000,False,False,False,1,68
"### | 2204 - 
",000,False,000,False,False,False,1,82
"### | 2205 - 
",000,False,000,False,False,False,1,47
"### | 2206 - 
",000,False,000,False,False,False,1,38
"### | 2207 - 
",000,False,000,False,False,False,1,50
"### | 2208 - 
",000,False,000,False,False,False,1,24
"### | 2209 - 
",000,False,000,False,False,False,1,52
"### | 2210 - 
",000,False,000,False,False,False,1,105
"### | 2211 - 
",000,False,000,False,False,False,1,60
"### | 2213 - 
",000,False,000,False,False,False,1,28
"### | 2213 - 
",000,False,000,False,False,False,1,33
"### | 2214 - 
",000,False,000,False,False,False,1,54
"### | 2215 - 
",000,False,000,False,False,False,1,22
"### | 2216 - 
",000,False,000,False,False,False,1,16
"### | 2217 - 
",000,False,000,False,False,False,1,25
"### | 2218 - 
",000,False,000,False,False,False,1,38
"### | 2219 - 
",000,False,000,False,False,False,1,76
"### | 2220 - 
",000,False,000,False,False,False,1,56
"### | 2221 - 
",000,False,000,False,False,False,1,35
"### | 2222 - 
",000,False,000,False,False,False,1,110
"### | 2223 - 
",000,False,000,False,False,False,1,28
"### | 2224 - 
",000,False,000,False,False,False,1,110
"### | 2225 - 
",000,False,000,False,False,False,1,63
"### | 2226 - 
",000,False,000,False,False,False,1,75
"### | 2227 - 
",000,False,000,False,False,False,1,32
"### | 2228 - 
",000,False,000,False,False,False,1,138
"### | 2229 - 
",000,False,000,False,False,False,1,80
"### | 2230 - 
",000,False,000,False,False,False,1,37
"### | 2231 - 
",000,False,000,False,False,False,1,43
"### | 2232 - 
",000,False,000,False,False,False,1,31
"### | 2233 - 
",000,False,000,False,False,False,1,47
"### | 2234 - 
",000,False,000,False,False,False,1,43
"### | 2235 - 
",000,False,000,False,False,False,1,77
"### | 2236 - 
",000,False,000,False,False,False,1,54
"### | 2237 - 
",000,False,000,False,False,False,1,21
"### | 2238 - 
",000,False,000,False,False,False,1,53
"### | 2239 - 
",000,False,000,False,False,False,1,24
"### | 2240 - 
",000,False,000,False,False,False,1,53
"### | 2241 - 
",000,False,000,False,False,False,1,96
"### | 2242 - 
",000,False,000,False,False,False,1,39
"### | 2243 - 
",000,False,000,False,False,False,1,62
"### | 2244 - 
",000,False,000,False,False,False,1,25
"### | 2245 - 
",000,False,000,False,False,False,1,52
"### | 2246 - 
",000,False,000,False,False,False,1,33
"### | 2247 - 
",000,False,000,False,False,False,1,103
"### | 2248 - 
",000,False,000,False,False,False,1,120
"### | 2249 - 
",000,False,000,False,False,False,1,72
"### | 2250 - 
",000,False,000,False,False,False,1,50
"### | 2251 - 
",000,False,000,False,False,False,1,49
"### | 2252 - 
",000,False,000,False,False,False,1,142
"### | 2253 - 
",000,False,000,False,False,False,1,177
"### | 2254 - 
",000,False,000,False,False,False,1,68
"### | 2255 - 
",000,False,000,False,False,False,1,52
"### | 2256 - 
",000,False,000,False,False,False,1,54
"### | 2257 - 
",000,False,000,False,False,False,1,56
"### | 2258 - 
",000,False,000,False,False,False,1,22
"### | 2259 - 
",000,False,000,False,False,False,1,26
"### | 2260 - 
",000,False,000,False,False,False,1,63
"### | 2261 - 
",000,False,000,False,False,False,1,32
"### | 2261 - 
",000,False,000,False,False,False,1,78
"### | 2263 - 
",000,False,000,False,False,False,1,26
"### | 2264 - 
",000,False,000,False,False,False,1,66
"### | 2265 - 
",000,False,000,False,False,False,1,73
"### | 2266 - 
",000,False,000,False,False,False,1,123
"### | 2267 - 
",000,False,000,False,False,False,1,65
"### | 2268 - 
",000,False,000,False,False,False,1,142
"### | 2269 - 
",000,False,000,False,False,False,1,176
"### | 2270 - 
",000,False,000,False,False,False,1,40
"### | 2271 - 
",000,False,000,False,False,False,1,59
"### | 2272 - 
",000,False,000,False,False,False,1,119
"### | 322 - 
",000,False,000,False,False,False,1,73
"### | 2274 - 
",000,False,000,False,False,False,1,37
"### | 2275 - 
",000,False,000,False,False,False,1,46
"### | 2276 - 
",000,False,000,False,False,False,1,88
"### | 2277 - 
",000,False,000,False,False,False,1,67
"### | 2278 - 
",000,False,000,False,False,False,1,47
"### | 2279 - 
",000,False,000,False,False,False,1,35
"### | 0228 - 
",000,False,000,False,False,False,1,26
"### | 2281 - 
",000,False,000,False,False,False,1,32
"### | 2282 - 
",000,False,000,False,False,False,1,45
"### | 2283 - 
",000,False,000,False,False,False,1,40
"### | 2284 - 
",000,False,000,False,False,False,1,27
"### | 2285 - 
",000,False,000,False,False,False,1,78
"### | 2286 - 
",000,False,000,False,False,False,1,66
"### | 2287 - 
",000,False,000,False,False,False,1,64
"### | 2288 - 
",000,False,000,False,False,False,1,70
"### | 2289 - 
",000,False,000,False,False,False,1,47
"### | 2290 - 
",000,False,000,False,False,False,1,43
"### | 2291 - 
",000,False,000,False,False,False,1,44
"### | 2292 - 
",000,False,000,False,False,False,1,38
"### | 2293 - 
",000,False,000,False,False,False,1,63
"### | 2294 - 
",000,False,000,False,False,False,1,36
"### | 2295 - 
",000,False,000,False,False,False,1,42
"### | 2296 - 
",000,False,000,False,False,False,1,60
"### | 2297 - 
",000,False,000,False,False,False,1,35
"### | 2298 - 
",000,False,000,False,False,False,1,24
"### | 2299 - 
",000,False,000,False,False,False,1,22
"### | 2300 - 
",000,False,000,False,False,False,1,48
"### | 2301 - 
",000,False,000,False,False,False,1,31
"### | 2302 - 
",000,False,000,False,False,False,1,94
"### | 2303 - 
",000,False,000,False,False,False,1,108
"### | 2304 - 
",000,False,000,False,False,False,1,25
"### | كتاب العيدين
",000,False,000,False,False,False,1,4
"### | 305 - 
",000,False,000,False,False,False,1,61
"### | 2306 - 
",000,False,000,False,False,False,1,108
"### | 2307 - 
",000,False,000,False,False,False,1,21
"### | 2308 - 
",000,False,000,False,False,False,1,66
"### | 2309 - 
",000,False,000,False,False,False,1,48
"### | 2310 - 
",000,False,000,False,False,False,1,56
"### | 2311 - 
",000,False,000,False,False,False,1,58
"### | 2312 - 
",000,False,000,False,False,False,1,51
"### | 2313 - 
",000,False,000,False,False,False,1,44
"### | 2314 - 
",000,False,000,False,False,False,1,74
"### | 2315 - 
",000,False,000,False,False,False,1,47
"### | 2316 - 
",000,False,000,False,False,False,1,48
"### | 2317 - 
",000,False,000,False,False,False,1,114
"### | 2318 - 
",000,False,000,False,False,False,1,35
"### | 2319 - 
",000,False,000,False,False,False,1,45
"### | 2320 - 
",000,False,000,False,False,False,1,67
"### | 2321 - 
",000,False,000,False,False,False,1,22
"### | 2322 - 
",000,False,000,False,False,False,1,45
"### | 2323 - 
",000,False,000,False,False,False,1,21
"### | 2324 - 
",000,False,000,False,False,False,1,58
"### | 2325 - 
",000,False,000,False,False,False,1,28
"### | 2326 - 
",000,False,000,False,False,False,1,52
"### | 2327 - 
",000,False,000,False,False,False,1,42
"### | 2328 - 
",000,False,000,False,False,False,1,47
"### | 2329 - 
",000,False,000,False,False,False,1,55
"### | 2330 - 
",000,False,000,False,False,False,1,39
"### | 2331 - 
",000,False,000,False,False,False,1,53
"### | 2332 - 
",000,False,000,False,False,False,1,33
"### | 2333 - 
",000,False,000,False,False,False,1,153
"### | 2334 - 
",000,False,000,False,False,False,1,26
"### | 2335 - 
",000,False,000,False,False,False,1,44
"### | 2336 - 
",000,False,000,False,False,False,1,130
"### | 2337 - 
",000,False,000,False,False,False,1,238
"### | 2338 - 
",000,False,000,False,False,False,1,81
"### | 2339 - 
",000,False,000,False,False,False,1,26
"### | 2340 - 
",000,False,000,False,False,False,1,36
"### | 2341 - 
",000,False,000,False,False,False,1,68
"### | 2342 - 
",000,False,000,False,False,False,1,39
"### | 2343 - 
",000,False,000,False,False,False,1,25
"### | 2344 - 
",000,False,000,False,False,False,1,34
"### | 2345 - 
",000,False,000,False,False,False,1,58
"### | 2346 - 
",000,False,000,False,False,False,1,42
"### | 2347 - 
",000,False,000,False,False,False,1,76
"### | 2348 - 
",000,False,000,False,False,False,1,104
"### | 2349 - 
",000,False,000,False,False,False,1,50
"### | 2350 - 
",000,False,000,False,False,False,1,31
"### | 2351 - 
",000,False,000,False,False,False,1,51
"### | 2352 - 
",000,False,000,False,False,False,1,29
"### | 2353 - 
",000,False,000,False,False,False,1,54
"### | 2354 - 
",000,False,000,False,False,False,1,37
"### | 2355 - 
",000,False,000,False,False,False,1,48
"### | 2356 - 
",000,False,000,False,False,False,1,31
"### | 2357 - 
",000,False,000,False,False,False,1,78
"### | 2358 - 
",000,False,000,False,False,False,1,30
"### | 2359 - 
",000,False,000,False,False,False,1,22
"### | 2360 - 
",000,False,000,False,False,False,1,39
"### | 2361 - 
",000,False,000,False,False,False,1,38
"### | 2362 - 
",000,False,000,False,False,False,1,29
"### | 2363 - 
",000,False,000,False,False,False,1,51
"### | 2364 - 
",000,False,000,False,False,False,1,82
"### | 2365 - 
",000,False,000,False,False,False,1,128
"### | 2366 - 
",000,False,000,False,False,False,1,67
"### | 2367 - 
",000,False,000,False,False,False,1,53
"### | 2368 - 
",000,False,000,False,False,False,1,76
"### | 2369 - 
",000,False,000,False,False,False,1,46
"### | 2370 - 
",000,False,000,False,False,False,1,166
"### | 2371 - 
",000,False,000,False,False,False,1,30
"### | 2372 - 
",000,False,000,False,False,False,1,50
"### | 2373 - 
",000,False,000,False,False,False,1,61
"### | 2374 - 
",000,False,000,False,False,False,1,30
"### | 2375 - 
",000,False,000,False,False,False,1,36
"### | 2376 - 
",000,False,000,False,False,False,1,59
"### | 2377 - 
",000,False,000,False,False,False,1,32
"### | 2378 - 
",000,False,000,False,False,False,1,41
"### | 2379 - 
",000,False,000,False,False,False,1,34
"### | 2380 - 
",000,False,000,False,False,False,1,65
"### | 2381 - 
",000,False,000,False,False,False,1,40
"### | 2382 - 
",000,False,000,False,False,False,1,37
"### | 2383 - 
",000,False,000,False,False,False,1,42
"### | 2384 - 
",000,False,000,False,False,False,1,28
"### | 2385 - 
",000,False,000,False,False,False,1,58
"### | 2386 - 
",000,False,000,False,False,False,1,52
"### | 2387 - 
",000,False,000,False,False,False,1,38
"### | كتاب الكسوف
",000,False,000,False,False,False,1,14
"### | 2388 - 
",000,False,000,False,False,False,1,36
"### | 2389 - 
",000,False,000,False,False,False,1,79
"### | 2390 - 
",000,False,000,False,False,False,1,144
"### | 2392 - 
",000,False,000,False,False,False,1,68
"### | 2393 - 
",000,False,000,False,False,False,1,188
"### | 2394 - 
",000,False,000,False,False,False,1,176
"### | 2395 - 
",000,False,000,False,False,False,1,178
"### | 396 - 
",000,False,000,False,False,False,1,33
"### | 2397 - 
",000,False,000,False,False,False,1,184
"### | 2398 - 
",000,False,000,False,False,False,1,308
"### | 2399 - 
",000,False,000,False,False,False,1,133
"### | 2400 - 
",000,False,000,False,False,False,1,135
"### | 2401 - 
",000,False,000,False,False,False,1,65
"### | 2402 - 
",000,False,000,False,False,False,1,76
"### | 2403 - 
",000,False,000,False,False,False,1,139
"### | 2404 - 
",000,False,000,False,False,False,1,85
"### | 2405 - 
",000,False,000,False,False,False,1,253
"### | 2406 - 
",000,False,000,False,False,False,1,72
"### | 2407 - 
",000,False,000,False,False,False,1,77
"### | 2408 - 
",000,False,000,False,False,False,1,455
"### | 2409 - 
",000,False,000,False,False,False,1,75
"### | 2410 - 
",000,False,000,False,False,False,1,238
"### | 2411 - 
",000,False,000,False,False,False,1,187
"### | 2412 - 
",000,False,000,False,False,False,1,102
"### | 2413 - 
",000,False,000,False,False,False,1,87
"### | 2414 - 
",000,False,000,False,False,False,1,41
"### | 2415 - 
",000,False,000,False,False,False,1,44
"### | كتاب الاستسقاء
",000,False,000,False,False,False,1,4
"### | 2416 - 
",000,False,000,False,False,False,1,179
"### | 2417 - 
",000,False,000,False,False,False,1,141
"### | 2418 - 
",000,False,000,False,False,False,1,112
"### | 2419 - 
",000,False,000,False,False,False,1,75
"### | 2420 - 
",000,False,000,False,False,False,1,54
"### | 2421 - 
",000,False,000,False,False,False,1,57
"### | 2422 - 
",000,False,000,False,False,False,1,38
"### | 2423 - 
",000,False,000,False,False,False,1,84
"### | 2424 - 
",000,False,000,False,False,False,1,277
"### | 2425 - 
",000,False,000,False,False,False,1,53
"### | 2426 - 
",000,False,000,False,False,False,1,99
"### | 2427 - 
",000,False,000,False,False,False,1,36
"### | 2428 - 
",000,False,000,False,False,False,1,84
"### | 2429 - 
",000,False,000,False,False,False,1,89
"### | 2430 - 
",000,False,000,False,False,False,1,146
"### | 2431 - 
",000,False,000,False,False,False,1,145
"### | 2432 - 
",000,False,000,False,False,False,1,30
"### | 2433 - 
",000,False,000,False,False,False,1,108
"### | 2434 - 
",000,False,000,False,False,False,1,54
"### | 2435 - 
",000,False,000,False,False,False,1,79
"### | 2436 - 
",000,False,000,False,False,False,1,41
"### | 2437 - 
",000,False,000,False,False,False,1,64
"### | 2438 - 
",000,False,000,False,False,False,1,43
"### | 2439 - 
",000,False,000,False,False,False,1,58
"### | 2440 - 
",000,False,000,False,False,False,1,163
"### | 2441 - 
",000,False,000,False,False,False,1,129
"### | 2442 - 
",000,False,000,False,False,False,1,90
"### | 2443 - 
",000,False,000,False,False,False,1,20
"### | 2444 - 
",000,False,000,False,False,False,1,36
"### | 2445 - 
",000,False,000,False,False,False,1,24
"### | 2446 - 
",000,False,000,False,False,False,1,25
"### | 2447 - 
",000,False,000,False,False,False,1,84
"### | 2448 - 
",000,False,000,False,False,False,1,53
"### | 2449 - 
",000,False,000,False,False,False,1,1503
"### | 2450 - 
",000,False,000,False,False,False,1,33
"### | 2451 - 
",000,False,000,False,False,False,1,68
"### | 2452 - 
",000,False,000,False,False,False,1,38
"### | 2453 - 
",000,False,000,False,False,False,1,143
"### | 2454 - 
",000,False,000,False,False,False,1,58
"### | 2455 - 
",000,False,000,False,False,False,1,41
"### | 2456 - 
",000,False,000,False,False,False,1,50
"### | 2457 - 
",000,False,000,False,False,False,1,85
"### | 2458 - 
",000,False,000,False,False,False,1,28
"### | 2459 - 
",000,False,000,False,False,False,1,45
"### | 2460 - 
",000,False,000,False,False,False,1,25
"### | 2461 - 
",000,False,000,False,False,False,1,41
"### | 2462 - 
",000,False,000,False,False,False,1,47
"### | 2463 - 
",000,False,000,False,False,False,1,39
"### | 2464 - 
",000,False,000,False,False,False,1,26
"### | 2465 - 
",000,False,000,False,False,False,1,15
"### | 2466 - 
",000,False,000,False,False,False,1,48
"### | 2467 - 
",000,False,000,False,False,False,1,154
"### | 2468 - 
",000,False,000,False,False,False,1,60
"### | 2469 - 
",000,False,000,False,False,False,1,69
"### | 2470 - 
",000,False,000,False,False,False,1,71
"### | 2471 - 
",000,False,000,False,False,False,1,66
"### | 2472 - 
",000,False,000,False,False,False,1,26
"### | 2473 - 
",000,False,000,False,False,False,1,44
"### | 2474 - 
",000,False,000,False,False,False,1,38
"### | 2475 - 
",000,False,000,False,False,False,1,30
"### | 2476 - 
",000,False,000,False,False,False,1,77
"### | 2477 - 
",000,False,000,False,False,False,1,85
"### | 2478 - 
",000,False,000,False,False,False,1,27
"### | 2479 - 
",000,False,000,False,False,False,1,45
"### | 2480 - 
",000,False,000,False,False,False,1,76
"### | 2481 - 
",000,False,000,False,False,False,1,48
"### | 2482 - 
",000,False,000,False,False,False,1,43
"### | 2483 - 
",000,False,000,False,False,False,1,46
"### | 2484 - 
",000,False,000,False,False,False,1,102
"### | 2485 - 
",000,False,000,False,False,False,1,62
"### | 2486 - 
",000,False,000,False,False,False,1,58
"### | 2487 - 
",000,False,000,False,False,False,1,45
"### | 2488 - 
",000,False,000,False,False,False,1,20
"### | 2489 - 
",000,False,000,False,False,False,1,54
"### | 2490 - 
",000,False,000,False,False,False,1,31
"### | 2491 - 
",000,False,000,False,False,False,1,33
"### | 2492 - 
",000,False,000,False,False,False,1,605
"### | 2493 - 
",000,False,000,False,False,False,1,71
"### | 2494 - 
",000,False,000,False,False,False,1,48
"### | 2495 - 
",000,False,000,False,False,False,1,60
"### | 2496 - 
",000,False,000,False,False,False,1,35
"### | باب جماع صلاة النبي - صلى الله عليه وسلم - بالليل
",000,False,000,False,False,False,1,33
"### | 2497 - 
",000,False,000,False,False,False,1,56
"### | 2498 - 
",000,False,000,False,False,False,1,41
"### | 2499 - 
",000,False,000,False,False,False,1,83
"### | 2500 - 
",000,False,000,False,False,False,1,81
"### | 2501 - 
",000,False,000,False,False,False,1,80
"### | 2502 - 
",000,False,000,False,False,False,1,57
"### | 2503 - 
",000,False,000,False,False,False,1,25
"### | 2504 - 
",000,False,000,False,False,False,1,28
"### | 2505 - 
",000,False,000,False,False,False,1,30
"### | 2506 - 
",000,False,000,False,False,False,1,40
"### | 2507 - 
",000,False,000,False,False,False,1,442
"### | 2508 - 
",000,False,000,False,False,False,1,161
"### | 2509 - 
",000,False,000,False,False,False,1,137
"### | 2510 - 
",000,False,000,False,False,False,1,39
"### | 2511 - 
",000,False,000,False,False,False,1,87
"### | 2512 - 
",000,False,000,False,False,False,1,48
"### | 2513 - 
",000,False,000,False,False,False,1,91
"### | 2514 - 
",000,False,000,False,False,False,1,33
"### | 2515 - 
",000,False,000,False,False,False,1,51
"### | 2516 - 
",000,False,000,False,False,False,1,34
"### | 2517 - 
",000,False,000,False,False,False,1,134
"### | 2518 - 
",000,False,000,False,False,False,1,198
"### | 2519 - 
",000,False,000,False,False,False,1,89
"### | 2520 - 
",000,False,000,False,False,False,1,59
"### | 2521 - 
",000,False,000,False,False,False,1,90
"### | 2522 - 
",000,False,000,False,False,False,1,48
"### | 2523 - 
",000,False,000,False,False,False,1,25
"### | 2524 - 
",000,False,000,False,False,False,1,47
"### | 2525 - 
",000,False,000,False,False,False,1,56
"### | 2526 - 
",000,False,000,False,False,False,1,66
"### | 2527 - 
",000,False,000,False,False,False,1,30
"### | 2528 - 
",000,False,000,False,False,False,1,83
"### | 2529 - 
",000,False,000,False,False,False,1,28
"### | 2530 - 
",000,False,000,False,False,False,1,36
"### | 2531 - 
",000,False,000,False,False,False,1,22
"### | 2532 - 
",000,False,000,False,False,False,1,40
"### | 2533 - 
",000,False,000,False,False,False,1,16
"### | 2534 - 
",000,False,000,False,False,False,1,44
"### | 2535 - 
",000,False,000,False,False,False,1,55
"### | 2536 - 
",000,False,000,False,False,False,1,42
"### | 2537 - 
",000,False,000,False,False,False,1,73
"### | 2538 - 
",000,False,000,False,False,False,1,60
"### | 2539 - 
",000,False,000,False,False,False,1,97
"### | 2540 - 
",000,False,000,False,False,False,1,57
"### | 2541 - 
",000,False,000,False,False,False,1,76
"### | 2542 - 
",000,False,000,False,False,False,1,42
"### | 2543 - 
",000,False,000,False,False,False,1,38
"### | 2544 - 
",000,False,000,False,False,False,1,44
"### | 2545 - 
",000,False,000,False,False,False,1,29
"### | 2546 - 
",000,False,000,False,False,False,1,49
"### | 2547 - 
",000,False,000,False,False,False,1,39
"### | 2548 - 
",000,False,000,False,False,False,1,43
"### | 2549 - 
",000,False,000,False,False,False,1,42
"### | 2550 - 
",000,False,000,False,False,False,1,44
"### | 2551 - 
",000,False,000,False,False,False,1,80
"### | 2552 - 
",000,False,000,False,False,False,1,42
"### | 2553 - 
",000,False,000,False,False,False,1,61
"### | 2554 - 
",000,False,000,False,False,False,1,26
"### | 2555 - 
",000,False,000,False,False,False,1,36
"### | 2556 - 
",000,False,000,False,False,False,1,31
"### | 2557 - 
",000,False,000,False,False,False,1,28
"### | 2558 - 
",000,False,000,False,False,False,1,34
"### | 2559 - 
",000,False,000,False,False,False,1,110
"### | 2560 - 
",000,False,000,False,False,False,1,63
"### | 2561 - 
",000,False,000,False,False,False,1,47
"### | 2562 - 
",000,False,000,False,False,False,1,67
"### | 2563 - 
",000,False,000,False,False,False,1,50
"### | 2564 - 
",000,False,000,False,False,False,1,47
"### | 2565 - 
",000,False,000,False,False,False,1,54
"### | 2566 - 
",000,False,000,False,False,False,1,40
"### | 2567 - 
",000,False,000,False,False,False,1,48
"### | 2568 - 
",000,False,000,False,False,False,1,49
"### | 2569 - 
",000,False,000,False,False,False,1,115
"### | 2570 - 
",000,False,000,False,False,False,1,93
"### | 2571 - 
",000,False,000,False,False,False,1,163
"### | 2572 - 
",000,False,000,False,False,False,1,118
"### | 2573 - 
",000,False,000,False,False,False,1,66
"### | 2574 - 
",000,False,000,False,False,False,1,56
"### | 2575 - 
",000,False,000,False,False,False,1,86
"### | 2576 - 
",000,False,000,False,False,False,1,39
"### | 2577 - 
",000,False,000,False,False,False,1,40
"### | 2578 - 
",000,False,000,False,False,False,1,43
"### | 2579 - 
",000,False,000,False,False,False,1,58
"### | 2580 - 
",000,False,000,False,False,False,1,39
"### | 2581 - 
",000,False,000,False,False,False,1,50
"### | 2582 - 
",000,False,000,False,False,False,1,26
"### | 2583 - 
",000,False,000,False,False,False,1,44
"### | 2584 - 
",000,False,000,False,False,False,1,58
"### | 2585 - 
",000,False,000,False,False,False,1,30
"### | 2586 - 
",000,False,000,False,False,False,1,42
"### | 2587 - 
",000,False,000,False,False,False,1,38
"### | باب ذكر الاختلاف في ليلة القدر
",000,False,000,False,False,False,1,28
"### | 2588 - 
",000,False,000,False,False,False,1,43
"### | 2589 - 
",000,False,000,False,False,False,1,208
"### | 2590 - 
",000,False,000,False,False,False,1,72
"### | 2591 - 
",000,False,000,False,False,False,1,63
"### | 2592 - 
",000,False,000,False,False,False,1,43
"### | 2593 - 
",000,False,000,False,False,False,1,32
"### | 2594 - 
",000,False,000,False,False,False,1,41
"### | 2595 - 
",000,False,000,False,False,False,1,115
"### | 2596 - 
",000,False,000,False,False,False,1,34
"### | 2597 - 
",000,False,000,False,False,False,1,28
"### | 2598 - 
",000,False,000,False,False,False,1,68
"### | 2599 - 
",000,False,000,False,False,False,1,44
"### | باب في ذكر فضائل القرآن
",000,False,000,False,False,False,1,13
"### | 2600 - 
",000,False,000,False,False,False,1,52
"### | 2601 - 
",000,False,000,False,False,False,1,51
"### | 2602 - 
",000,False,000,False,False,False,1,47
"### | 2603 - 
",000,False,000,False,False,False,1,47
"### | 2604 - 
",000,False,000,False,False,False,1,57
"### | 2605 - 
",000,False,000,False,False,False,1,60
"### | 2606 - 
",000,False,000,False,False,False,1,81
"### | 2607 - 
",000,False,000,False,False,False,1,54
"### | 2608 - 
",000,False,000,False,False,False,1,48
"### | 2609 - 
",000,False,000,False,False,False,1,46
"### | 2610 - 
",000,False,000,False,False,False,1,77
"### | 2611 - 
",000,False,000,False,False,False,1,46
"### | 2612 - 
",000,False,000,False,False,False,1,54
"### | 2613 - 
",000,False,000,False,False,False,1,40
"### | 2614 - 
",000,False,000,False,False,False,1,46
"### | 2615 - 
",000,False,000,False,False,False,1,47
"### | 2616 - 
",000,False,000,False,False,False,1,55
"### | 2617 - 
",000,False,000,False,False,False,1,31
"### | 2618 - 
",000,False,000,False,False,False,1,56
"### | 2619 - 
",000,False,000,False,False,False,1,51
"### | 2620 - 
",000,False,000,False,False,False,1,48
"### | 2621 - 
",000,False,000,False,False,False,1,65
"### | 2622 - 
",000,False,000,False,False,False,1,44
"### | 2623 - 
",000,False,000,False,False,False,1,41
"### | 2624 - 
",000,False,000,False,False,False,1,45
"### | 2625 - 
",000,False,000,False,False,False,1,84
"### | 2626 - 
",000,False,000,False,False,False,1,45
"### | 2627 - 
",000,False,000,False,False,False,1,70
"### | 2628 - 
",000,False,000,False,False,False,1,26
"### | 2629 - 
",000,False,000,False,False,False,1,44
"### | 2630 - 
",000,False,000,False,False,False,1,47
"### | 2631 - 
",000,False,000,False,False,False,1,154
"### | 2632 - 
",000,False,000,False,False,False,1,55
"### | 2633 - 
",000,False,000,False,False,False,1,25
"### | 2634 - 
",000,False,000,False,False,False,1,43
"### | 2635 - 
",000,False,000,False,False,False,1,68
"### | 2636 - 
",000,False,000,False,False,False,1,54
"### | 2637 - 
",000,False,000,False,False,False,1,53
"### | 2638 - 
",000,False,000,False,False,False,1,71
"### | 2639 - 
",000,False,000,False,False,False,1,118
"### | 2640 - 
",000,False,000,False,False,False,1,103
"### | 2641 - 
",000,False,000,False,False,False,1,50
"### | 2642 - 
",000,False,000,False,False,False,1,77
"### | 2643 - 
",000,False,000,False,False,False,1,28
"### | 2644 - 
",000,False,000,False,False,False,1,48
"### | 2645 - 
",000,False,000,False,False,False,1,54
"### | 2646 - 
",000,False,000,False,False,False,1,203
"### | 2647 - 
",000,False,000,False,False,False,1,52
"### | 2648 - 
",000,False,000,False,False,False,1,29
"### | 2649 - 
",000,False,000,False,False,False,1,35
"### | 2650 - 
",000,False,000,False,False,False,1,201
"### | 2651 - 
",000,False,000,False,False,False,1,172
"### | 2652 - 
",000,False,000,False,False,False,1,35
"### | 2653 - 
",000,False,000,False,False,False,1,115
"### | 2654 - 
",000,False,000,False,False,False,1,152
"### | 2655 - 
",000,False,000,False,False,False,1,108
"### | 2656 - 
",000,False,000,False,False,False,1,53
"### | 2657 - 
",000,False,000,False,False,False,1,37
"### | 2658 - 
",000,False,000,False,False,False,1,31
"### | 2659 - 
",000,False,000,False,False,False,1,48
"### | 2660 - 
",000,False,000,False,False,False,1,76
"### | 2661 - 
",000,False,000,False,False,False,1,51
"### | 2662 - 
",000,False,000,False,False,False,1,30
"### | 2663 - 
",000,False,000,False,False,False,1,90
"### | 2664 - 
",000,False,000,False,False,False,1,63
"### | 2665 - 
",000,False,000,False,False,False,1,214
"### | 2666 - 
",000,False,000,False,False,False,1,135
"### | 2667 - 
",000,False,000,False,False,False,1,101
"### | 2668 - 
",000,False,000,False,False,False,1,53
"### | 2669 - 
",000,False,000,False,False,False,1,65
"### | 2670 - 
",000,False,000,False,False,False,1,27
"### | باب في فضائل القرآن
",000,False,000,False,False,False,1,10
"### | 2671 - 
",000,False,000,False,False,False,1,24
"### | 2672 - 
",000,False,000,False,False,False,1,81
"### | 2673 - 
",000,False,000,False,False,False,1,195
"### | 2674 - 
",000,False,000,False,False,False,1,91
"### | 2675 - 
",000,False,000,False,False,False,1,26
"### | 2676 - 
",000,False,000,False,False,False,1,53
"### | 2677 - 
",000,False,000,False,False,False,1,42
"### | 2678 - 
",000,False,000,False,False,False,1,82
"### | 2679 - 
",000,False,000,False,False,False,1,128
"### | 2680 - 
",000,False,000,False,False,False,1,150
"### | 2681 - 
",000,False,000,False,False,False,1,35
"### | 2682 - 
",000,False,000,False,False,False,1,70
"### | 2683 - 
",000,False,000,False,False,False,1,58
"### | 2684 - 
",000,False,000,False,False,False,1,74
"### | 2685 - 
",000,False,000,False,False,False,1,68
"### | 2686 - 
",000,False,000,False,False,False,1,38
"### | 2687 - 
",000,False,000,False,False,False,1,182
"### | 2688 - 
",000,False,000,False,False,False,1,28
"### | 2689 - 
",000,False,000,False,False,False,1,33
"### | 2690 - 
",000,False,000,False,False,False,1,40
"### | 2691 - 
",000,False,000,False,False,False,1,40
"### | 2692 - 
",000,False,000,False,False,False,1,50
"### | 2693 - 
",000,False,000,False,False,False,1,36
"### | 2694 - 
",000,False,000,False,False,False,1,33
"### | 2695 - 
",000,False,000,False,False,False,1,24
"### | 2696 - 
",000,False,000,False,False,False,1,39
"### | 2697 - 
",000,False,000,False,False,False,1,74
"### | 2698 - 
",000,False,000,False,False,False,1,82
"### | 2699 - 
",000,False,000,False,False,False,1,45
"### | 2700 - 
",000,False,000,False,False,False,1,27
"### | 2701 - 
",000,False,000,False,False,False,1,29
"### | 2752 - 
",000,False,000,False,False,False,1,60
"### | 2703 - 
",000,False,000,False,False,False,1,53
"### | 2704 - 
",000,False,000,False,False,False,1,40
"### | 2705 - 
",000,False,000,False,False,False,1,63
"### | 2706 - 
",000,False,000,False,False,False,1,53
"### | 2707 - 
",000,False,000,False,False,False,1,70
"### | 2708 - 
",000,False,000,False,False,False,1,71
"### | 2709 - 
",000,False,000,False,False,False,1,57
"### | 2710 - 
",000,False,000,False,False,False,1,65
"### | 2711 - 
",000,False,000,False,False,False,1,153
"### | 2712 - 
",000,False,000,False,False,False,1,32
"### | 2713 - 
",000,False,000,False,False,False,1,80
"### | 2714 - 
",000,False,000,False,False,False,1,147
"### | 2715 - 
",000,False,000,False,False,False,1,44
"### | 2716 - 
",000,False,000,False,False,False,1,73
"### | 2717 - 
",000,False,000,False,False,False,1,48
"### | 2718 - 
",000,False,000,False,False,False,1,50
"### | 2719 - 
",000,False,000,False,False,False,1,146
"### | 2720 - 
",000,False,000,False,False,False,1,44
"### | كتاب الجنائز
",000,False,000,False,False,False,1,10
"### | 2721 - 
",000,False,000,False,False,False,1,52
"### | 2722 - 
",000,False,000,False,False,False,1,48
"### | 2723 - 
",000,False,000,False,False,False,1,21
"### | 2724 - 
",000,False,000,False,False,False,1,33
"### | 2725 - 
",000,False,000,False,False,False,1,103
"### | 2726 - 
",000,False,000,False,False,False,1,123
"### | 2727 - 
",000,False,000,False,False,False,1,33
"### | 2728 - 
",000,False,000,False,False,False,1,38
"### | 2729 - 
",000,False,000,False,False,False,1,33
"### | 2730 - 
",000,False,000,False,False,False,1,37
"### | 2731 - 
",000,False,000,False,False,False,1,31
"### | 2732 - 
",000,False,000,False,False,False,1,108
"### | 2733 - 
",000,False,000,False,False,False,1,61
"### | 2734 - 
",000,False,000,False,False,False,1,155
"### | 2735 - 
",000,False,000,False,False,False,1,45
"### | 2736 - 
",000,False,000,False,False,False,1,57
"### | 2737 - 
",000,False,000,False,False,False,1,42
"### | 2738 - 
",000,False,000,False,False,False,1,34
"### | 2739 - 
",000,False,000,False,False,False,1,41
"### | 2740 - 
",000,False,000,False,False,False,1,52
"### | 2741 - 
",000,False,000,False,False,False,1,26
"### | 2742 - 
",000,False,000,False,False,False,1,72
"### | 2743 - 
",000,False,000,False,False,False,1,46
"### | 2744 - 
",000,False,000,False,False,False,1,25
"### | 2745 - 
",000,False,000,False,False,False,1,32
"### | 2746 - 
",000,False,000,False,False,False,1,26
"### | 2747 - 
",000,False,000,False,False,False,1,45
"### | 2748 - 
",000,False,000,False,False,False,1,53
"### | 2749 - 
",000,False,000,False,False,False,1,27
"### | 2750 - 
",000,False,000,False,False,False,1,42
"### | 2751 - 
",000,False,000,False,False,False,1,46
"### | 2752 - 
",000,False,000,False,False,False,1,86
"### | 2753 - 
",000,False,000,False,False,False,1,38
"### | 2754 - 
",000,False,000,False,False,False,1,70
"### | 2755 - 
",000,False,000,False,False,False,1,78
"### | 2756 - 
",000,False,000,False,False,False,1,29
"### | 2757 - 
",000,False,000,False,False,False,1,45
"### | 2758 - 
",000,False,000,False,False,False,1,24
"### | 2759 - 
",000,False,000,False,False,False,1,152
"### | 2760 - 
",000,False,000,False,False,False,1,17
"### | 2761 - 
",000,False,000,False,False,False,1,75
"### | 2762 - 
",000,False,000,False,False,False,1,59
"### | 2763 - 
",000,False,000,False,False,False,1,28
"### | 2764 - 
",000,False,000,False,False,False,1,96
"### | 2765 - 
",000,False,000,False,False,False,1,104
"### | 2766 - 
",000,False,000,False,False,False,1,39
"### | 2767 - 
",000,False,000,False,False,False,1,57
"### | 2768 - 
",000,False,000,False,False,False,1,126
"### | 2769 - 
",000,False,000,False,False,False,1,130
"### | 2770 - 
",000,False,000,False,False,False,1,22
"### | 2771 - 
",000,False,000,False,False,False,1,48
"### | 2772 - 
",000,False,000,False,False,False,1,54
"### | 2773 - 
",000,False,000,False,False,False,1,29
"### | 2774 - 
",000,False,000,False,False,False,1,44
"### | 2775 - 
",000,False,000,False,False,False,1,27
"### | 2776 - 
",000,False,000,False,False,False,1,98
"### | 2777 - 
",000,False,000,False,False,False,1,29
"### | 2778 - 
",000,False,000,False,False,False,1,107
"### | 2779 - 
",000,False,000,False,False,False,1,60
"### | 2780 - 
",000,False,000,False,False,False,1,30
"### | 2781 - 
",000,False,000,False,False,False,1,36
"### | 2782 - 
",000,False,000,False,False,False,1,29
"### | 2783 - 
",000,False,000,False,False,False,1,184
"### | 2784 - 
",000,False,000,False,False,False,1,74
"### | 2785 - 
",000,False,000,False,False,False,1,71
"### | 2786 - 
",000,False,000,False,False,False,1,28
"### | 2787 - 
",000,False,000,False,False,False,1,54
"### | 2788 - 
",000,False,000,False,False,False,1,38
"### | 2789 - 
",000,False,000,False,False,False,1,30
"### | 2790 - 
",000,False,000,False,False,False,1,30
"### | 2791 - 
",000,False,000,False,False,False,1,15
"### | 2792 - 
",000,False,000,False,False,False,1,91
"### | 2793 - 
",000,False,000,False,False,False,1,46
"### | 2794 - 
",000,False,000,False,False,False,1,50
"### | 2795 - 
",000,False,000,False,False,False,1,109
"### | 2796 - 
",000,False,000,False,False,False,1,80
"### | 2797 - 
",000,False,000,False,False,False,1,72
"### | 2798 - 
",000,False,000,False,False,False,1,38
"### | 2799 - 
",000,False,000,False,False,False,1,17
"### | 2800 - 
",000,False,000,False,False,False,1,29
"### | 2801 - 
",000,False,000,False,False,False,1,41
"### | 2802 - 
",000,False,000,False,False,False,1,41
"### | 2803 - 
",000,False,000,False,False,False,1,30
"### | 2804 - 
",000,False,000,False,False,False,1,33
"### | 2805 - 
",000,False,000,False,False,False,1,58
"### | 2806 - 
",000,False,000,False,False,False,1,30
"### | 2807 - 
",000,False,000,False,False,False,1,110
"### | 2808 - 
",000,False,000,False,False,False,1,119
"### | 2809 - 
",000,False,000,False,False,False,1,69
"### | 2810 - 
",000,False,000,False,False,False,1,91
"### | 2811 - 
",000,False,000,False,False,False,1,30
"### | 2812 - 
",000,False,000,False,False,False,1,94
"### | 2813 - 
",000,False,000,False,False,False,1,107
"### | 2814 - 
",000,False,000,False,False,False,1,27
"### | 2815 - 
",000,False,000,False,False,False,1,69
"### | 2816 - 
",000,False,000,False,False,False,1,47
"### | 2817 - 
",000,False,000,False,False,False,1,37
"### | 2818 - 
",000,False,000,False,False,False,1,44
"### | 2819 - 
",000,False,000,False,False,False,1,32
"### | 2820 - 
",000,False,000,False,False,False,1,28
"### | 2821 - 
",000,False,000,False,False,False,1,25
"### | 2822 - 
",000,False,000,False,False,False,1,34
"### | 2823 - 
",000,False,000,False,False,False,1,22
"### | 2824 - 
",000,False,000,False,False,False,1,35
"### | 2825 - 
",000,False,000,False,False,False,1,94
"### | 2826 - 
",000,False,000,False,False,False,1,28
"### | 2827 - 
",000,False,000,False,False,False,1,23
"### | 2828 - 
",000,False,000,False,False,False,1,50
"### | 2829 - 
",000,False,000,False,False,False,1,40
"### | 2830 - 
",000,False,000,False,False,False,1,41
"### | 2831 - 
",000,False,000,False,False,False,1,56
"### | 2832 - 
",000,False,000,False,False,False,1,33
"### | 2833 - 
",000,False,000,False,False,False,1,22
"### | 2834 - 
",000,False,000,False,False,False,1,78
"### | 2835 - 
",000,False,000,False,False,False,1,73
"### | 2836 - 
",000,False,000,False,False,False,1,69
"### | 2837 - 
",000,False,000,False,False,False,1,51
"### | 2838 - 
",000,False,000,False,False,False,1,79
"### | 2839 - 
",000,False,000,False,False,False,1,49
"### | 2840 - 
",000,False,000,False,False,False,1,31
"### | 2841 - 
",000,False,000,False,False,False,1,77
"### | 2842 - 
",000,False,000,False,False,False,1,45
"### | 2843 - 
",000,False,000,False,False,False,1,16
"### | 2844 - 
",000,False,000,False,False,False,1,28
"### | 2845 - 
",000,False,000,False,False,False,1,76
"### | 2846 - 
",000,False,000,False,False,False,1,41
"### | 2847 - 
",000,False,000,False,False,False,1,50
"### | 2848 - 
",000,False,000,False,False,False,1,26
"### | 2849 - 
",000,False,000,False,False,False,1,110
"### | 2850 - 
",000,False,000,False,False,False,1,183
"### | 2851 - 
",000,False,000,False,False,False,1,87
"### | 2852 - 
",000,False,000,False,False,False,1,73
"### | 2853 - 
",000,False,000,False,False,False,1,55
"### | 2854 - 
",000,False,000,False,False,False,1,83
"### | 2855 - 
",000,False,000,False,False,False,1,31
"### | 2856 - 
",000,False,000,False,False,False,1,27
"### | 2857 - 
",000,False,000,False,False,False,1,50
"### | 2858 - 
",000,False,000,False,False,False,1,33
"### | 2859 - 
",000,False,000,False,False,False,1,143
"### | 2860 - 
",000,False,000,False,False,False,1,45
"### | 2861 - 
",000,False,000,False,False,False,1,90
"### | 2862 - 
",000,False,000,False,False,False,1,38
"### | 2863 - 
",000,False,000,False,False,False,1,49
"### | 2864 - 
",000,False,000,False,False,False,1,51
"### | 2865 - 
",000,False,000,False,False,False,1,44
"### | 2866 - 
",000,False,000,False,False,False,1,48
"### | 2867 - 
",000,False,000,False,False,False,1,18
"### | 2868 - 
",000,False,000,False,False,False,1,93
"### | 2869 - 
",000,False,000,False,False,False,1,61
"### | 2870 - 
",000,False,000,False,False,False,1,92
"### | 2871 - 
",000,False,000,False,False,False,1,91
"### | 2872 - 
",000,False,000,False,False,False,1,139
"### | 2873 - 
",000,False,000,False,False,False,1,67
"### | 2874 - 
",000,False,000,False,False,False,1,20
"### | 2875 - 
",000,False,000,False,False,False,1,63
"### | 2876 - 
",000,False,000,False,False,False,1,47
"### | 2877 - 
",000,False,000,False,False,False,1,37
"### | 2878 - 
",000,False,000,False,False,False,1,54
"### | 2879 - 
",000,False,000,False,False,False,1,52
"### | 2880 - 
",000,False,000,False,False,False,1,69
"### | 2881 - 
",000,False,000,False,False,False,1,67
"### | 2882 - 
",000,False,000,False,False,False,1,27
"### | 2883 - 
",000,False,000,False,False,False,1,24
"### | 2884 - 
",000,False,000,False,False,False,1,28
"### | 2885 - 
",000,False,000,False,False,False,1,60
"### | 2886 - 
",000,False,000,False,False,False,1,52
"### | 2887 - 
",000,False,000,False,False,False,1,56
"### | 2888 - 
",000,False,000,False,False,False,1,44
"### | 2889 - 
",000,False,000,False,False,False,1,46
"### | 2890 - 
",000,False,000,False,False,False,1,34
"### | 2891 - 
",000,False,000,False,False,False,1,31
"### | 2892 - 
",000,False,000,False,False,False,1,30
"### | 2893 - 
",000,False,000,False,False,False,1,51
"### | 2894 - 
",000,False,000,False,False,False,1,54
"### | 2895 - 
",000,False,000,False,False,False,1,55
"### | 2896 - 
",000,False,000,False,False,False,1,60
"### | 2897 - 
",000,False,000,False,False,False,1,23
"### | 2898 - 
",000,False,000,False,False,False,1,50
"### | 2899 - 
",000,False,000,False,False,False,1,78
"### | 2900 - 
",000,False,000,False,False,False,1,97
"### | 2901 - 
",000,False,000,False,False,False,1,52
"### | 2902 - 
",000,False,000,False,False,False,1,49
"### | 2903 - 
",000,False,000,False,False,False,1,34
"### | 2904 - 
",000,False,000,False,False,False,1,51
"### | 2905 - 
",000,False,000,False,False,False,1,59
"### | 2906 - 
",000,False,000,False,False,False,1,147
"### | 2907 - 
",000,False,000,False,False,False,1,86
"### | 2908 - 
",000,False,000,False,False,False,1,104
"### | 2909 - 
",000,False,000,False,False,False,1,22
"### | 2910 - 
",000,False,000,False,False,False,1,83
"### | 2911 - 
",000,False,000,False,False,False,1,46
"### | 2912 - 
",000,False,000,False,False,False,1,20
"### | 2913 - 
",000,False,000,False,False,False,1,45
"### | 2914 - 
",000,False,000,False,False,False,1,117
"### | 2915 - 
",000,False,000,False,False,False,1,66
"### | 2916 - 
",000,False,000,False,False,False,1,275
"### | 2917 - 
",000,False,000,False,False,False,1,93
"### | 2918 - 
",000,False,000,False,False,False,1,71
"### | 2919 - 
",000,False,000,False,False,False,1,88
"### | 2920 - 
",000,False,000,False,False,False,1,44
"### | 2921 - 
",000,False,000,False,False,False,1,97
"### | 2922 - 
",000,False,000,False,False,False,1,44
"### | 2923 - 
",000,False,000,False,False,False,1,50
"### | 2924 - 
",000,False,000,False,False,False,1,71
"### | 2925 - 
",000,False,000,False,False,False,1,22
"### | 2926 - 
",000,False,000,False,False,False,1,22
"### | 2927 - 
",000,False,000,False,False,False,1,32
"### | 2928 - 
",000,False,000,False,False,False,1,76
"### | 2929 - 
",000,False,000,False,False,False,1,35
"### | 2930 - 
",000,False,000,False,False,False,1,47
"### | 2931 - 
",000,False,000,False,False,False,1,29
"### | 2932 - 
",000,False,000,False,False,False,1,86
"### | 2933 - 
",000,False,000,False,False,False,1,154
"### | 2934 - 
",000,False,000,False,False,False,1,39
"### | 2935 - 
",000,False,000,False,False,False,1,43
"### | 2936 - 
",000,False,000,False,False,False,1,38
"### | 2937 - 
",000,False,000,False,False,False,1,34
"### | 2938 - 
",000,False,000,False,False,False,1,64
"### | 2939 - 
",000,False,000,False,False,False,1,19
"### | 2940 - 
",000,False,000,False,False,False,1,112
"### | 2941 - 
",000,False,000,False,False,False,1,40
"### | 2942 - 
",000,False,000,False,False,False,1,35
"### | 2943 - 
",000,False,000,False,False,False,1,71
"### | 2944 - 
",000,False,000,False,False,False,1,18
"### | 2945 - 
",000,False,000,False,False,False,1,36
"### | 2946 - 
",000,False,000,False,False,False,1,19
"### | 2947 - 
",000,False,000,False,False,False,1,81
"### | 2948 - 
",000,False,000,False,False,False,1,28
"### | 2949 - 
",000,False,000,False,False,False,1,29
"### | 2950 - 
",000,False,000,False,False,False,1,33
"### | 2951 - 
",000,False,000,False,False,False,1,45
"### | 2952 - 
",000,False,000,False,False,False,1,121
"### | 2953 - 
",000,False,000,False,False,False,1,159
"### | 2954 - 
",000,False,000,False,False,False,1,64
"### | 2955 - 
",000,False,000,False,False,False,1,28
"### | 2956 - 
",000,False,000,False,False,False,1,42
"### | 2957 - 
",000,False,000,False,False,False,1,33
"### | 2958 - 
",000,False,000,False,False,False,1,70
"### | 2959 - 
",000,False,000,False,False,False,1,38
"### | 2960 - 
",000,False,000,False,False,False,1,44
"### | 2961 - 
",000,False,000,False,False,False,1,91
"### | 2962 - 
",000,False,000,False,False,False,1,42
"### | 2963 - 
",000,False,000,False,False,False,1,65
"### | 2964 - 
",000,False,000,False,False,False,1,25
"### | 2965 - 
",000,False,000,False,False,False,1,50
"### | 2966 - 
",000,False,000,False,False,False,1,37
"### | 2967 - 
",000,False,000,False,False,False,1,41
"### | 2968 - 
",000,False,000,False,False,False,1,115
"### | 2969 - 
",000,False,000,False,False,False,1,89
"### | 2970 - 
",000,False,000,False,False,False,1,1003
"### | 2971 - 
",000,False,000,False,False,False,1,90
"### | 2972 - 
",000,False,000,False,False,False,1,145
"### | 2973 - 
",000,False,000,False,False,False,1,138
"### | 2974 - 
",000,False,000,False,False,False,1,47
"### | 2975 - 
",000,False,000,False,False,False,1,30
"### | 2976 - 
",000,False,000,False,False,False,1,63
"### | 2977 - 
",000,False,000,False,False,False,1,31
"### | 2978 - 
",000,False,000,False,False,False,1,78
"### | 2979 - 
",000,False,000,False,False,False,1,45
"### | 2980 - 
",000,False,000,False,False,False,1,29
"### | 2981 - 
",000,False,000,False,False,False,1,136
"### | 2982 - 
",000,False,000,False,False,False,1,63
"### | 2983 - 
",000,False,000,False,False,False,1,26
"### | 2984 - 
",000,False,000,False,False,False,1,52
"### | 2985 - 
",000,False,000,False,False,False,1,56
"### | 2986 - 
",000,False,000,False,False,False,1,36
"### | 2987 - 
",000,False,000,False,False,False,1,43
"### | 2988 - 
",000,False,000,False,False,False,1,42
"### | 2989 - 
",000,False,000,False,False,False,1,36
"### | 2990 - 
",000,False,000,False,False,False,1,88
"### | 2991 - 
",000,False,000,False,False,False,1,30
"### | 2992 - 
",000,False,000,False,False,False,1,71
"### | 2993 - 
",000,False,000,False,False,False,1,30
"### | 2994 - 
",000,False,000,False,False,False,1,50
"### | 2995 - 
",000,False,000,False,False,False,1,61
"### | 2996 - 
",000,False,000,False,False,False,1,35
"### | 2997 - 
",000,False,000,False,False,False,1,67
"### | 2998 - 
",000,False,000,False,False,False,1,74
"### | 2999 - 
",000,False,000,False,False,False,1,46
"### | 3000 - 
",000,False,000,False,False,False,1,39
"### | 3001 - 
",000,False,000,False,False,False,1,67
"### | 3002 - 
",000,False,000,False,False,False,1,69
"### | 3003 - 
",000,False,000,False,False,False,1,65
"### | 3004 - 
",000,False,000,False,False,False,1,94
"### | 3005 - 
",000,False,000,False,False,False,1,33
"### | 3006 - 
",000,False,000,False,False,False,1,32
"### | 3007 - 
",000,False,000,False,False,False,1,36
"### | 3008 - 
",000,False,000,False,False,False,1,102
"### | 3009 - 
",000,False,000,False,False,False,1,111
"### | 3010 - 
",000,False,000,False,False,False,1,71
"### | 3011 - 
",000,False,000,False,False,False,1,45
"### | 3012 - 
",000,False,000,False,False,False,1,119
"### | 3013 - 
",000,False,000,False,False,False,1,70
"### | 3014 - 
",000,False,000,False,False,False,1,46
"### | 3015 - 
",000,False,000,False,False,False,1,74
"### | 3016 - 
",000,False,000,False,False,False,1,60
"### | 3017 - 
",000,False,000,False,False,False,1,39
"### | 3018 - 
",000,False,000,False,False,False,1,64
"### | 3019 - 
",000,False,000,False,False,False,1,38
"### | 3020 - 
",000,False,000,False,False,False,1,99
"### | 3021 - 
",000,False,000,False,False,False,1,29
"### | 3022 - 
",000,False,000,False,False,False,1,80
"### | 3023 - 
",000,False,000,False,False,False,1,52
"### | 3024 - 
",000,False,000,False,False,False,1,45
"### | 3025 - 
",000,False,000,False,False,False,1,119
"### | 3026 - 
",000,False,000,False,False,False,1,56
"### | 3027 - 
",000,False,000,False,False,False,1,64
"### | 3028 - 
",000,False,000,False,False,False,1,22
"### | 3029 - 
",000,False,000,False,False,False,1,39
"### | 3030 - 
",000,False,000,False,False,False,1,27
"### | 3031 - 
",000,False,000,False,False,False,1,220
"### | 3032 - 
",000,False,000,False,False,False,1,50
"### | 3033 - 
",000,False,000,False,False,False,1,60
"### | 3034 - 
",000,False,000,False,False,False,1,103
"### | 3035 - 
",000,False,000,False,False,False,1,41
"### | 3036 - 
",000,False,000,False,False,False,1,27
"### | 3037 - 
",000,False,000,False,False,False,1,75
"### | 3038 - 
",000,False,000,False,False,False,1,67
"### | 3039 - 
",000,False,000,False,False,False,1,46
"### | 3040 - 
",000,False,000,False,False,False,1,28
"### | 3041 - 
",000,False,000,False,False,False,1,20
"### | 3042 - 
",000,False,000,False,False,False,1,29
"### | 3043 - 
",000,False,000,False,False,False,1,51
"### | 3044 - 
",000,False,000,False,False,False,1,214
"### | 3045 - 
",000,False,000,False,False,False,1,48
"### | 3046 - 
",000,False,000,False,False,False,1,62
"### | 3047 - 
",000,False,000,False,False,False,1,35
"### | 3048 - 
",000,False,000,False,False,False,1,37
"### | 3049 - 
",000,False,000,False,False,False,1,28
"### | 3050 - 
",000,False,000,False,False,False,1,29
"### | 3051 - 
",000,False,000,False,False,False,1,50
"### | 3052 - 
",000,False,000,False,False,False,1,33
"### | 3053 - 
",000,False,000,False,False,False,1,27
"### | 3054 - 
",000,False,000,False,False,False,1,31
"### | 3055 - 
",000,False,000,False,False,False,1,28
"### | 3056 - 
",000,False,000,False,False,False,1,25
"### | 3057 - 
",000,False,000,False,False,False,1,68
"### | 3058 - 
",000,False,000,False,False,False,1,61
"### | 3059 - 
",000,False,000,False,False,False,1,49
"### | 3060 - 
",000,False,000,False,False,False,1,57
"### | 3061 - 
",000,False,000,False,False,False,1,43
"### | 3062 - 
",000,False,000,False,False,False,1,111
"### | 3063 - 
",000,False,000,False,False,False,1,63
"### | 3064 - 
",000,False,000,False,False,False,1,71
"### | 3065 - 
",000,False,000,False,False,False,1,43
"### | 3066 - 
",000,False,000,False,False,False,1,42
"### | 3067 - 
",000,False,000,False,False,False,1,42
"### | 3068 - 
",000,False,000,False,False,False,1,91
"### | 3069 - 
",000,False,000,False,False,False,1,45
"### | 3070 - 
",000,False,000,False,False,False,1,66
"### | 3071 - 
",000,False,000,False,False,False,1,46
"### | 3072 - 
",000,False,000,False,False,False,1,77
"### | 3073 - 
",000,False,000,False,False,False,1,98
"### | 3074 - 
",000,False,000,False,False,False,1,30
"### | 3075 - 
",000,False,000,False,False,False,1,44
"### | 3076 - 
",000,False,000,False,False,False,1,39
"### | 3077 - 
",000,False,000,False,False,False,1,144
"### | 3078 - 
",000,False,000,False,False,False,1,52
"### | 3079 - 
",000,False,000,False,False,False,1,63
"### | 3080 - 
",000,False,000,False,False,False,1,47
"### | كتاب الزكاة
",000,False,000,False,False,False,1,4
"### | 3081 - 
",000,False,000,False,False,False,1,65
"### | 3082 - 
",000,False,000,False,False,False,1,40
"### | 3083 - 
",000,False,000,False,False,False,1,109
"### | 3084 - 
",000,False,000,False,False,False,1,51
"### | 3085 - 
",000,False,000,False,False,False,1,41
"### | 3086 - 
",000,False,000,False,False,False,1,78
"### | باب ما يجب فيه الزكاة
",000,False,000,False,False,False,1,15
"### | 3087 - 
",000,False,000,False,False,False,1,56
"### | 3088 - 
",000,False,000,False,False,False,1,32
"### | 3089 - 
",000,False,000,False,False,False,1,35
"### | 3090 - 
",000,False,000,False,False,False,1,41
"### | 3091 - 
",000,False,000,False,False,False,1,47
"### | 3092 - 
",000,False,000,False,False,False,1,71
"### | 3093 - 
",000,False,000,False,False,False,1,126
"### | 3094 - 
",000,False,000,False,False,False,1,52
"### | 3095 - 
",000,False,000,False,False,False,1,50
"### | 3096 - 
",000,False,000,False,False,False,1,94
"### | 3097 - 
",000,False,000,False,False,False,1,73
"### | 3098 - 
",000,False,000,False,False,False,1,23
"### | 3099 - 
",000,False,000,False,False,False,1,14
"### | 3100 - 
",000,False,000,False,False,False,1,14
"### | 3101 - 
",000,False,000,False,False,False,1,45
"### | 3102 - 
",000,False,000,False,False,False,1,402
"### | 3103 - 
",000,False,000,False,False,False,1,422
"### | 3104 - 
",000,False,000,False,False,False,1,62
"### | 3105 - 
",000,False,000,False,False,False,1,225
"### | 3106 - 
",000,False,000,False,False,False,1,74
"### | 3107 - 
",000,False,000,False,False,False,1,129
"### | 3108 - 
",000,False,000,False,False,False,1,36
"### | 3109 - 
",000,False,000,False,False,False,1,46
"### | 3110 - 
",000,False,000,False,False,False,1,19
"### | 3111 - 
",000,False,000,False,False,False,1,122
"### | 3112 - 
",000,False,000,False,False,False,1,117
"### | 3113 - 
",000,False,000,False,False,False,1,326
"### | 3114 - 
",000,False,000,False,False,False,1,68
"### | 3115 - 
",000,False,000,False,False,False,1,82
"### | 3116 - 
",000,False,000,False,False,False,1,98
"### | 3117 - 
",000,False,000,False,False,False,1,62
"### | 3118 - 
",000,False,000,False,False,False,1,67
"### | 3119 - 
",000,False,000,False,False,False,1,57
"### | 3120 - 
",000,False,000,False,False,False,1,66
"### | 3121 - 
",000,False,000,False,False,False,1,40
"### | 3122 - 
",000,False,000,False,False,False,1,39
"### | 3123 - 
",000,False,000,False,False,False,1,26
"### | 3124 - 
",000,False,000,False,False,False,1,97
"### | 3125 - 
",000,False,000,False,False,False,1,32
"### | 3126 - 
",000,False,000,False,False,False,1,29
"### | 3127 - 
",000,False,000,False,False,False,1,50
"### | 3128 - 
",000,False,000,False,False,False,1,35
"### | 3129 - 
",000,False,000,False,False,False,1,108
"### | 3130 - 
",000,False,000,False,False,False,1,114
"### | 3131 - 
",000,False,000,False,False,False,1,42
"### | 3132 - 
",000,False,000,False,False,False,1,42
"### | 3133 - 
",000,False,000,False,False,False,1,57
"### | 3134 - 
",000,False,000,False,False,False,1,51
"### | 3135 - 
",000,False,000,False,False,False,1,41
"### | 3136 - 
",000,False,000,False,False,False,1,128
"### | 3137 - 
",000,False,000,False,False,False,1,28
"### | 3138 - 
",000,False,000,False,False,False,1,31
"### | 3139 - 
",000,False,000,False,False,False,1,94
"### | 3140 - 
",000,False,000,False,False,False,1,27
"### | 3141 - 
",000,False,000,False,False,False,1,21
"### | 3142 - 
",000,False,000,False,False,False,1,47
"### | 3143 - 
",000,False,000,False,False,False,1,62
"### | 3144 - 
",000,False,000,False,False,False,1,25
"### | 3145 - 
",000,False,000,False,False,False,1,62
"### | 3146 - 
",000,False,000,False,False,False,1,56
"### | 3147 - 
",000,False,000,False,False,False,1,34
"### | 3148 - 
",000,False,000,False,False,False,1,108
"### | 3149 - 
",000,False,000,False,False,False,1,38
"### | 3150 - 
",000,False,000,False,False,False,1,27
"### | 3151 - 
",000,False,000,False,False,False,1,129
"### | 3152 - 
",000,False,000,False,False,False,1,53
"### | 3153 - 
",000,False,000,False,False,False,1,48
"### | 3154 - 
",000,False,000,False,False,False,1,25
"### | 3155 - 
",000,False,000,False,False,False,1,25
"### | 3156 - 
",000,False,000,False,False,False,1,17
"### | 3157 - 
",000,False,000,False,False,False,1,28
"### | 3158 - 
",000,False,000,False,False,False,1,50
"### | 3159 - 
",000,False,000,False,False,False,1,38
"### | 3160 - 
",000,False,000,False,False,False,1,53
"### | 3161 - 
",000,False,000,False,False,False,1,39
"### | 3162 - 
",000,False,000,False,False,False,1,103
"### | 3163 - 
",000,False,000,False,False,False,1,142
"### | 3164 - 
",000,False,000,False,False,False,1,73
"### | 3165 - 
",000,False,000,False,False,False,1,52
"### | 3166 - 
",000,False,000,False,False,False,1,25
"### | 3167 - 
",000,False,000,False,False,False,1,60
"### | 3168 - 
",000,False,000,False,False,False,1,63
"### | 3169 - 
",000,False,000,False,False,False,1,35
"### | 3170 - 
",000,False,000,False,False,False,1,27
"### | 3171 - 
",000,False,000,False,False,False,1,44
"### | 3172 - 
",000,False,000,False,False,False,1,74
"### | 3173 - 
",000,False,000,False,False,False,1,37
"### | 3174 - 
",000,False,000,False,False,False,1,43
"### | 3175 - 
",000,False,000,False,False,False,1,110
"### | 3176 - 
",000,False,000,False,False,False,1,61
"### | 3177 - 
",000,False,000,False,False,False,1,44
"### | 3178 - 
",000,False,000,False,False,False,1,51
"### | 3179 - 
",000,False,000,False,False,False,1,59
"### | 3180 - 
",000,False,000,False,False,False,1,56
"### | 3181 - 
",000,False,000,False,False,False,1,15
"### | 3182 - 
",000,False,000,False,False,False,1,18
"### | 3183 - 
",000,False,000,False,False,False,1,61
"### | 3184 - 
",000,False,000,False,False,False,1,63
"### | 3185 - 
",000,False,000,False,False,False,1,31
"### | 3186 - 
",000,False,000,False,False,False,1,63
"### | 3187 - 
",000,False,000,False,False,False,1,29
"### | 3188 - 
",000,False,000,False,False,False,1,26
"### | 3189 - 
",000,False,000,False,False,False,1,32
"### | 3190 - 
",000,False,000,False,False,False,1,58
"### | 3191 - 
",000,False,000,False,False,False,1,45
"### | 3192 - 
",000,False,000,False,False,False,1,39
"### | 3193 - 
",000,False,000,False,False,False,1,42
"### | 3194 - 
",000,False,000,False,False,False,1,45
"### | 3195 - 
",000,False,000,False,False,False,1,34
"### | 3196 - 
",000,False,000,False,False,False,1,70
"### | 3197 - 
",000,False,000,False,False,False,1,38
"### | 3198 - 
",000,False,000,False,False,False,1,119
"### | 3199 - 
",000,False,000,False,False,False,1,41
"### | 3200 - 
",000,False,000,False,False,False,1,45
"### | 3201 - 
",000,False,000,False,False,False,1,46
"### | 3202 - 
",000,False,000,False,False,False,1,105
"### | 3203 - 
",000,False,000,False,False,False,1,33
"### | 3204 - 
",000,False,000,False,False,False,1,240
"### | 3205 - 
",000,False,000,False,False,False,1,53
"### | 3206 - 
",000,False,000,False,False,False,1,50
"### | 3207 - 
",000,False,000,False,False,False,1,42
"### | 3208 - 
",000,False,000,False,False,False,1,42
"### | 3209 - 
",000,False,000,False,False,False,1,52
"### | 3210 - 
",000,False,000,False,False,False,1,114
"### | 3211 - 
",000,False,000,False,False,False,1,114
"### | 3212 - 
",000,False,000,False,False,False,1,53
"### | 3213 - 
",000,False,000,False,False,False,1,74
"### | 3214 - 
",000,False,000,False,False,False,1,102
"### | 3215 - 
",000,False,000,False,False,False,1,75
"### | 3216 - 
",000,False,000,False,False,False,1,134
"### | 3217 - 
",000,False,000,False,False,False,1,91
"### | 3218 - 
",000,False,000,False,False,False,1,212
"### | 3219 - 
",000,False,000,False,False,False,1,75
"### | 3220 - 
",000,False,000,False,False,False,1,132
"### | 3221 - 
",000,False,000,False,False,False,1,187
"### | 3222 - 
",000,False,000,False,False,False,1,103
"### | 3223 - 
",000,False,000,False,False,False,1,79
"### | 3224 - 
",000,False,000,False,False,False,1,569
"### | 3225 - 
",000,False,000,False,False,False,1,159
"### | 3226 - 
",000,False,000,False,False,False,1,55
"### | 3227 - 
",000,False,000,False,False,False,1,35
"### | 3228 - 
",000,False,000,False,False,False,1,112
"### | 3229 - 
",000,False,000,False,False,False,1,55
"### | 3230 - 
",000,False,000,False,False,False,1,62
"### | 3231 - 
",000,False,000,False,False,False,1,34
"### | 3232 - 
",000,False,000,False,False,False,1,57
"### | 3233 - 
",000,False,000,False,False,False,1,47
"### | 3234 - 
",000,False,000,False,False,False,1,68
"### | 3235 - 
",000,False,000,False,False,False,1,48
"### | 3236 - 
",000,False,000,False,False,False,1,23
"### | 3237 - 
",000,False,000,False,False,False,1,33
"### | 3238 - 
",000,False,000,False,False,False,1,294
"### | 3239 - 
",000,False,000,False,False,False,1,48
"### | 3240 - 
",000,False,000,False,False,False,1,72
"### | 3241 - 
",000,False,000,False,False,False,1,30
"### | 3242 - 
",000,False,000,False,False,False,1,47
"### | 3243 - 
",000,False,000,False,False,False,1,66
"### | 3244 - 
",000,False,000,False,False,False,1,61
"### | 3245 - 
",000,False,000,False,False,False,1,55
"### | 3246 - 
",000,False,000,False,False,False,1,28
"### | 3247 - 
",000,False,000,False,False,False,1,41
"### | 3248 - 
",000,False,000,False,False,False,1,33
"### | 3249 - 
",000,False,000,False,False,False,1,129
"### | 3250 - 
",000,False,000,False,False,False,1,103
"### | 3251 - 
",000,False,000,False,False,False,1,27
"### | 3252 - 
",000,False,000,False,False,False,1,212
"### | 3253 - 
",000,False,000,False,False,False,1,53
"### | 3254 - 
",000,False,000,False,False,False,1,64
"### | 3255 - 
",000,False,000,False,False,False,1,91
"### | 3256 - 
",000,False,000,False,False,False,1,35
"### | 3257 - 
",000,False,000,False,False,False,1,66
"### | 3258 - 
",000,False,000,False,False,False,1,56
"### | 3259 - 
",000,False,000,False,False,False,1,155
"### | 3260 - 
",000,False,000,False,False,False,1,61
"### | 3261 - 
",000,False,000,False,False,False,1,58
"### | 3262 - 
",000,False,000,False,False,False,1,63
"### | 3263 - 
",000,False,000,False,False,False,1,120
"### | 3264 - 
",000,False,000,False,False,False,1,43
"### | 3265 - 
",000,False,000,False,False,False,1,65
"### | 3266 - 
",000,False,000,False,False,False,1,43
"### | 3267 - 
",000,False,000,False,False,False,1,46
"### | 3268 - 
",000,False,000,False,False,False,1,40
"### | 3269 - 
",000,False,000,False,False,False,1,138
"### | 3270 - 
",000,False,000,False,False,False,1,42
"### | 3271 - 
",000,False,000,False,False,False,1,43
"### | 3272 - 
",000,False,000,False,False,False,1,39
"### | 3273 - 
",000,False,000,False,False,False,1,32
"### | 3274 - 
",000,False,000,False,False,False,1,69
"### | 3275 - 
",000,False,000,False,False,False,1,113
"### | 3276 - 
",000,False,000,False,False,False,1,64
"### | 3277 - 
",000,False,000,False,False,False,1,34
"### | 3278 - 
",000,False,000,False,False,False,1,34
"### | 3279 - 
",000,False,000,False,False,False,1,39
"### | 3280 - 
",000,False,000,False,False,False,1,65
"### | 32081 - 
",000,False,000,False,False,False,1,37
"### | 3282 - 
",000,False,000,False,False,False,1,30
"### | 3283 - 
",000,False,000,False,False,False,1,168
"### | 3284 - 
",000,False,000,False,False,False,1,44
"### | 3285 - 
",000,False,000,False,False,False,1,257
"### | 3286 - 
",000,False,000,False,False,False,1,92
"### | 3287 - 
",000,False,000,False,False,False,1,40
"### | 3288 - 
",000,False,000,False,False,False,1,64
"### | 3289 - 
",000,False,000,False,False,False,1,36
"### | 3290 - 
",000,False,000,False,False,False,1,33
"### | 3291 - 
",000,False,000,False,False,False,1,35
"### | 3292 - 
",000,False,000,False,False,False,1,119
"### | 3293 - 
",000,False,000,False,False,False,1,51
"### | 3294 - 
",000,False,000,False,False,False,1,33
"### | 3295 - 
",000,False,000,False,False,False,1,48
"### | 3296 - 
",000,False,000,False,False,False,1,84
"### | 3297 - 
",000,False,000,False,False,False,1,68
"### | 3298 - 
",000,False,000,False,False,False,1,170
"### | 3299 - 
",000,False,000,False,False,False,1,188
"### | 3300 - 
",000,False,000,False,False,False,1,36
"### | 3301 - 
",000,False,000,False,False,False,1,118
"### | 3302 - 
",000,False,000,False,False,False,1,65
"### | 3303 - 
",000,False,000,False,False,False,1,49
"### | 3304 - 
",000,False,000,False,False,False,1,41
"### | 3305 - 
",000,False,000,False,False,False,1,27
"### | 3306 - 
",000,False,000,False,False,False,1,20
"### | 3307 - 
",000,False,000,False,False,False,1,20
"### | 3308 - 
",000,False,000,False,False,False,1,77
"### | 3309 - 
",000,False,000,False,False,False,1,33
"### | 3310 - 
",000,False,000,False,False,False,1,57
"### | 3311 - 
",000,False,000,False,False,False,1,141
"### | 3312 - 
",000,False,000,False,False,False,1,84
"### | 3313 - 
",000,False,000,False,False,False,1,45
"### | 3314 - 
",000,False,000,False,False,False,1,89
"### | 3315 - 
",000,False,000,False,False,False,1,42
"### | 3316 - 
",000,False,000,False,False,False,1,42
"### | 3317 - 
",000,False,000,False,False,False,1,27
"### | 3318 - 
",000,False,000,False,False,False,1,55
"### | 3319 - 
",000,False,000,False,False,False,1,68
"### | 3320 - 
",000,False,000,False,False,False,1,34
"### | 3321 - 
",000,False,000,False,False,False,1,36
"### | 3322 - 
",000,False,000,False,False,False,1,84
"### | 3323 - 
",000,False,000,False,False,False,1,100
"### | 3324 - 
",000,False,000,False,False,False,1,68
"### | 3325 - 
",000,False,000,False,False,False,1,56
"### | 3326 - 
",000,False,000,False,False,False,1,25
"### | 3327 - 
",000,False,000,False,False,False,1,24
"### | 3328 - 
",000,False,000,False,False,False,1,37
"### | 3329 - 
",000,False,000,False,False,False,1,39
"### | 3330 - 
",000,False,000,False,False,False,1,62
"### | 3331 - 
",000,False,000,False,False,False,1,50
"### | 3332 - 
",000,False,000,False,False,False,1,211
"### | 3333 - 
",000,False,000,False,False,False,1,64
"### | 3334 - 
",000,False,000,False,False,False,1,38
"### | 3335 - 
",000,False,000,False,False,False,1,31
"### | 3336 - 
",000,False,000,False,False,False,1,65
"### | 3337 - 
",000,False,000,False,False,False,1,61
"### | 3338 - 
",000,False,000,False,False,False,1,51
"### | 3339 - 
",000,False,000,False,False,False,1,76
"### | 3340 - 
",000,False,000,False,False,False,1,60
"### | 3341 - 
",000,False,000,False,False,False,1,39
"### | 3342 - 
",000,False,000,False,False,False,1,35
"### | 3343 - 
",000,False,000,False,False,False,1,97
"### | 3344 - 
",000,False,000,False,False,False,1,82
"### | 3345 - 
",000,False,000,False,False,False,1,79
"### | 3346 - 
",000,False,000,False,False,False,1,38
"### | 3347 - 
",000,False,000,False,False,False,1,48
"### | 3348 - 
",000,False,000,False,False,False,1,40
"### | 3349 - 
",000,False,000,False,False,False,1,70
"### | 3350 - 
",000,False,000,False,False,False,1,45
"### | 3351 - 
",000,False,000,False,False,False,1,99
"### | 3352 - 
",000,False,000,False,False,False,1,119
"### | 3353 - 
",000,False,000,False,False,False,1,46
"### | 3354 - 
",000,False,000,False,False,False,1,59
"### | 3355 - 
",000,False,000,False,False,False,1,42
"### | 3356 - 
",000,False,000,False,False,False,1,83
"### | 3357 - 
",000,False,000,False,False,False,1,41
"### | 3358 - 
",000,False,000,False,False,False,1,108
"### | 3359 - 
",000,False,000,False,False,False,1,40
"### | 3360 - 
",000,False,000,False,False,False,1,157
"### | 3361 - 
",000,False,000,False,False,False,1,47
"### | 3362 - 
",000,False,000,False,False,False,1,51
"### | 3363 - 
",000,False,000,False,False,False,1,35
"### | 3364 - 
",000,False,000,False,False,False,1,42
"### | 3365 - 
",000,False,000,False,False,False,1,43
"### | 3366 - 
",000,False,000,False,False,False,1,31
"### | 3367 - 
",000,False,000,False,False,False,1,42
"### | 3368 - 
",000,False,000,False,False,False,1,48
"### | 3369 - 
",000,False,000,False,False,False,1,36
"### | 3370 - 
",000,False,000,False,False,False,1,72
"### | 3371 - 
",000,False,000,False,False,False,1,20
"### | 3372 - 
",000,False,000,False,False,False,1,39
"### | 3373 - 
",000,False,000,False,False,False,1,19
"### | 3374 - 
",000,False,000,False,False,False,1,87
"### | 3375 - 
",000,False,000,False,False,False,1,29
"### | 3376 - 
",000,False,000,False,False,False,1,20
"### | 3377 - 
",000,False,000,False,False,False,1,72
"### | 3378 - 
",000,False,000,False,False,False,1,24
"### | 3379 - 
",000,False,000,False,False,False,1,30
"### | 3380 - 
",000,False,000,False,False,False,1,26
"### | 3381 - 
",000,False,000,False,False,False,1,26
"### | 3382 - 
",000,False,000,False,False,False,1,43
"### | 3383 - 
",000,False,000,False,False,False,1,59
"### | 3384 - 
",000,False,000,False,False,False,1,55
"### | 3385 - 
",000,False,000,False,False,False,1,51
"### | 3386 - 
",000,False,000,False,False,False,1,47
"### | 3387 - 
",000,False,000,False,False,False,1,51
"### | 3388 - 
",000,False,000,False,False,False,1,100
"### | 3389 - 
",000,False,000,False,False,False,1,55
"### | 3390 - 
",000,False,000,False,False,False,1,37
"### | 3391 - 
",000,False,000,False,False,False,1,51
"### | 3392 - 
",000,False,000,False,False,False,1,32
"### | 3393 - 
",000,False,000,False,False,False,1,45
"### | 3394 - 
",000,False,000,False,False,False,1,51
"### | 3395 - 
",000,False,000,False,False,False,1,49
"### | 3396 - 
",000,False,000,False,False,False,1,42
"### | 3397 - 
",000,False,000,False,False,False,1,37
"### | 3398 - 
",000,False,000,False,False,False,1,29
"### | 3399 - 
",000,False,000,False,False,False,1,26
"### | 3400 - 
",000,False,000,False,False,False,1,34
"### | 3401 - 
",000,False,000,False,False,False,1,64
"### | 3402 - 
",000,False,000,False,False,False,1,59
"### | 3403 - 
",000,False,000,False,False,False,1,35
"### | 3404 - 
",000,False,000,False,False,False,1,46
"### | 3405 - 
",000,False,000,False,False,False,1,57
"### | 3406 - 
",000,False,000,False,False,False,1,45
"### | 3407 - 
",000,False,000,False,False,False,1,40
"### | 3408 - 
",000,False,000,False,False,False,1,90
"### | 3409 - 
",000,False,000,False,False,False,1,53
"### | 3410 - 
",000,False,000,False,False,False,1,73
"### | 3411 - 
",000,False,000,False,False,False,1,41
"### | 3412 - 
",000,False,000,False,False,False,1,79
"### | 3413 - 
",000,False,000,False,False,False,1,23
"### | 3414 - 
",000,False,000,False,False,False,1,63
"### | 3415 - 
",000,False,000,False,False,False,1,32
"### | 3416 - 
",000,False,000,False,False,False,1,71
"### | 3417 - 
",000,False,000,False,False,False,1,39
"### | 3418 - 
",000,False,000,False,False,False,1,60
"### | 3419 - 
",000,False,000,False,False,False,1,81
"### | 3420 - 
",000,False,000,False,False,False,1,42
"### | 3421 - 
",000,False,000,False,False,False,1,43
"### | 3422 - 
",000,False,000,False,False,False,1,88
"### | 3423 - 
",000,False,000,False,False,False,1,56
"### | 3424 - 
",000,False,000,False,False,False,1,25
"### | 3425 - 
",000,False,000,False,False,False,1,85
"### | 3426 - 
",000,False,000,False,False,False,1,38
"### | 3427 - 
",000,False,000,False,False,False,1,43
"### | 3428 - 
",000,False,000,False,False,False,1,59
"### | 3429 - 
",000,False,000,False,False,False,1,83
"### | 3430 - 
",000,False,000,False,False,False,1,49
"### | 3431 - 
",000,False,000,False,False,False,1,34
"### | 3432 - 
",000,False,000,False,False,False,1,20
"### | 3433 - 
",000,False,000,False,False,False,1,37
"### | 3434 - 
",000,False,000,False,False,False,1,494
"### | 3435 - 
",000,False,000,False,False,False,1,94
"### | 3436 - 
",000,False,000,False,False,False,1,150
"### | 3437 - 
",000,False,000,False,False,False,1,266
"### | 3438 - 
",000,False,000,False,False,False,1,99
"### | 3439 - 
",000,False,000,False,False,False,1,77
"### | 3440 - 
",000,False,000,False,False,False,1,39
"### | 62 - 
",000,False,000,False,False,False,1,2
"### | 
",000,False,000,False,False,False,1,0
"### | باب
",000,False,000,False,False,False,1,5
"### | 3441 - 
",000,False,000,False,False,False,1,33
"### | 3442 - 
",000,False,000,False,False,False,1,42
"### | 3443 - 
",000,False,000,False,False,False,1,61
"### | 3444 - 
",000,False,000,False,False,False,1,76
"### | 3445 - 
",000,False,000,False,False,False,1,47
"### | 3446 - 
",000,False,000,False,False,False,1,103
"### | 3447 - 
",000,False,000,False,False,False,1,101
"### | 3448 - 
",000,False,000,False,False,False,1,71
"### | 3449 - 
",000,False,000,False,False,False,1,37
"### | باب
",000,False,000,False,False,False,1,2
"### | 3450 - 
",000,False,000,False,False,False,1,29
"### | 3451 - 
",000,False,000,False,False,False,1,31
"### | 3452 - 
",000,False,000,False,False,False,1,146
"### | 3453 - 
",000,False,000,False,False,False,1,38
"### | 3454 - 
",000,False,000,False,False,False,1,27
"### | 3455 - 
",000,False,000,False,False,False,1,154
"### | 3456 - 
",000,False,000,False,False,False,1,87
"### | 3457 - 
",000,False,000,False,False,False,1,106
"### | 3458 - 
",000,False,000,False,False,False,1,42
"### | 3459 - 
",000,False,000,False,False,False,1,103
"### | كتاب الصيام
",000,False,000,False,False,False,1,10
"### | 3460 - 
",000,False,000,False,False,False,1,131
"### | 3461 - 
",000,False,000,False,False,False,1,52
"### | 3462 - 
",000,False,000,False,False,False,1,56
"### | 3463 - 
",000,False,000,False,False,False,1,104
"### | 3464 - 
",000,False,000,False,False,False,1,34
"### | 3465 - 
",000,False,000,False,False,False,1,32
"### | 3466 - 
",000,False,000,False,False,False,1,44
"### | 3467 - 
",000,False,000,False,False,False,1,32
"### | 3468 - 
",000,False,000,False,False,False,1,20
"### | 3469 - 
",000,False,000,False,False,False,1,40
"### | 3470 - 
",000,False,000,False,False,False,1,39
"### | 3471 - 
",000,False,000,False,False,False,1,68
"### | 3472 - 
",000,False,000,False,False,False,1,101
"### | 3473 - 
",000,False,000,False,False,False,1,122
"### | 3474 - 
",000,False,000,False,False,False,1,250
"### | 3475 - 
",000,False,000,False,False,False,1,41
"### | 3476 - 
",000,False,000,False,False,False,1,44
"### | 3477 - 
",000,False,000,False,False,False,1,63
"### | 3478 - 
",000,False,000,False,False,False,1,40
"### | 3479 - 
",000,False,000,False,False,False,1,74
"### | 3480 - 
",000,False,000,False,False,False,1,44
"### | 3481 - 
",000,False,000,False,False,False,1,45
"### | 3482 - 
",000,False,000,False,False,False,1,100
"### | 3483 - 
",000,False,000,False,False,False,1,128
"### | 3484 - 
",000,False,000,False,False,False,1,109
"### | 3485 - 
",000,False,000,False,False,False,1,242
"### | 4 - 
",000,False,000,False,False,False,1,2
"### | 
",000,False,000,False,False,False,1,0
"### | باب 
",000,False,000,False,False,False,1,5
"### | 3486 - 
",000,False,000,False,False,False,1,55
"### | 3487 - 
",000,False,000,False,False,False,1,162
"### | 3488 - 
",000,False,000,False,False,False,1,95
"### | 3489 - 
",000,False,000,False,False,False,1,40
"### | 3490 - 
",000,False,000,False,False,False,1,44
"### | 3491 - 
",000,False,000,False,False,False,1,91
"### | 3492 - 
",000,False,000,False,False,False,1,54
"### | 3493 - 
",000,False,000,False,False,False,1,61
"### | 3494 - 
",000,False,000,False,False,False,1,51
"### | 3495 - 
",000,False,000,False,False,False,1,117
"### | 3496 - 
",000,False,000,False,False,False,1,113
"### | 3497 - 
",000,False,000,False,False,False,1,80
"### | 3498 - 
",000,False,000,False,False,False,1,31
"### | 3499 - 
",000,False,000,False,False,False,1,33
"### | 3500 - 
",000,False,000,False,False,False,1,55
"### | 3501 - 
",000,False,000,False,False,False,1,56
"### | 3502 - 
",000,False,000,False,False,False,1,118
"### | 3503 - 
",000,False,000,False,False,False,1,73
"### | 3504 - 
",000,False,000,False,False,False,1,74
"### | 3505 - 
",000,False,000,False,False,False,1,53
"### | 3506 - 
",000,False,000,False,False,False,1,56
"### | 3507 - 
",000,False,000,False,False,False,1,82
"### | 3508 - 
",000,False,000,False,False,False,1,99
"### | 3509 - 
",000,False,000,False,False,False,1,84
"### | 3510 - 
",000,False,000,False,False,False,1,60
"### | 3511 - 
",000,False,000,False,False,False,1,63
"### | 3512 - 
",000,False,000,False,False,False,1,100
"### | 3513 - 
",000,False,000,False,False,False,1,83
"### | 3514 - 
",000,False,000,False,False,False,1,90
"### | 3515 - 
",000,False,000,False,False,False,1,40
"### | 3516 - 
",000,False,000,False,False,False,1,52
"### | 3517 - 
",000,False,000,False,False,False,1,57
"### | 3518 - 
",000,False,000,False,False,False,1,44
"### | 3519 - 
",000,False,000,False,False,False,1,55
"### | 3520 - 
",000,False,000,False,False,False,1,37
"### | 3521 - 
",000,False,000,False,False,False,1,27
"### | 3522 - 
",000,False,000,False,False,False,1,41
"### | 3523 - 
",000,False,000,False,False,False,1,34
"### | 3524 - 
",000,False,000,False,False,False,1,54
"### | 3525 - 
",000,False,000,False,False,False,1,47
"### | 3526 - 
",000,False,000,False,False,False,1,79
"### | 3527 - 
",000,False,000,False,False,False,1,48
"### | 3528 - 
",000,False,000,False,False,False,1,63
"### | 3529 - 
",000,False,000,False,False,False,1,116
"### | 3530 - 
",000,False,000,False,False,False,1,109
"### | 3531 - 
",000,False,000,False,False,False,1,95
"### | 3532 - 
",000,False,000,False,False,False,1,159
"### | 3533 - 
",000,False,000,False,False,False,1,59
"### | 3534 - 
",000,False,000,False,False,False,1,127
"### | 3535 - 
",000,False,000,False,False,False,1,97
"### | 3536 - 
",000,False,000,False,False,False,1,94
"### | 3537 - 
",000,False,000,False,False,False,1,23
"### | 3538 - 
",000,False,000,False,False,False,1,23
"### | 3539 - 
",000,False,000,False,False,False,1,35
"### | 3540 - 
",000,False,000,False,False,False,1,22
"### | 3541 - 
",000,False,000,False,False,False,1,30
"### | 3542 - 
",000,False,000,False,False,False,1,20
"### | 3543 - 
",000,False,000,False,False,False,1,22
"### | 3544 - 
",000,False,000,False,False,False,1,29
"### | 3545 - 
",000,False,000,False,False,False,1,60
"### | 3546 - 
",000,False,000,False,False,False,1,30
"### | 3547 - 
",000,False,000,False,False,False,1,30
"### | 3548 - 
",000,False,000,False,False,False,1,38
"### | 3549 - 
",000,False,000,False,False,False,1,79
"### | 3550 - 
",000,False,000,False,False,False,1,49
"### | 3551 - 
",000,False,000,False,False,False,1,55
"### | 3552 - 
",000,False,000,False,False,False,1,28
"### | 3553 - 
",000,False,000,False,False,False,1,49
"### | 3554 - 
",000,False,000,False,False,False,1,68
"### | 3555 - 
",000,False,000,False,False,False,1,71
"### | 3556 - 
",000,False,000,False,False,False,1,35
"### | 3557 - 
",000,False,000,False,False,False,1,39
"### | 3558 - 
",000,False,000,False,False,False,1,29
"### | 3559 - 
",000,False,000,False,False,False,1,37
"### | 3560 - 
",000,False,000,False,False,False,1,29
"### | 3561 - 
",000,False,000,False,False,False,1,82
"### | 3562 - 
",000,False,000,False,False,False,1,64
"### | 3563 - 
",000,False,000,False,False,False,1,43
"### | 3564 - 
",000,False,000,False,False,False,1,128
"### | 3565 - 
",000,False,000,False,False,False,1,40
"### | 3566 - 
",000,False,000,False,False,False,1,59
"### | 3567 - 
",000,False,000,False,False,False,1,62
"### | 3568 - 
",000,False,000,False,False,False,1,47
"### | 3569 - 
",000,False,000,False,False,False,1,44
"### | 3570 - 
",000,False,000,False,False,False,1,62
"### | 3571 - 
",000,False,000,False,False,False,1,41
"### | 3572 - 
",000,False,000,False,False,False,1,37
"### | 3573 - 
",000,False,000,False,False,False,1,49
"### | 3574 - 
",000,False,000,False,False,False,1,75
"### | 3575 - 
",000,False,000,False,False,False,1,123
"### | 3576 - 
",000,False,000,False,False,False,1,37
"### | 3577 - 
",000,False,000,False,False,False,1,73
"### | 3578 - 
",000,False,000,False,False,False,1,39
"### | 3579 - 
",000,False,000,False,False,False,1,58
"### | 3580 - 
",000,False,000,False,False,False,1,29
"### | 3581 - 
",000,False,000,False,False,False,1,36
"### | 3582 - 
",000,False,000,False,False,False,1,35
"### | 3583 - 
",000,False,000,False,False,False,1,86
"### | 3584 - 
",000,False,000,False,False,False,1,194
"### | 3585 - 
",000,False,000,False,False,False,1,59
"### | 3586 - 
",000,False,000,False,False,False,1,90
"### | 3587 - 
",000,False,000,False,False,False,1,74
"### | 3588 - 
",000,False,000,False,False,False,1,61
"### | 3589 - 
",000,False,000,False,False,False,1,89
"### | 3590 - 
",000,False,000,False,False,False,1,70
"### | 3591 - 
",000,False,000,False,False,False,1,156
"### | 3592 - 
",000,False,000,False,False,False,1,37
"### | 3593 - 
",000,False,000,False,False,False,1,32
"### | 3594 - 
",000,False,000,False,False,False,1,21
"### | 3595 - 
",000,False,000,False,False,False,1,27
"### | 3596 - 
",000,False,000,False,False,False,1,42
"### | 3597 - 
",000,False,000,False,False,False,1,38
"### | 3598 - 
",000,False,000,False,False,False,1,61
"### | 3599 - 
",000,False,000,False,False,False,1,97
"### | 3600 - 
",000,False,000,False,False,False,1,78
"### | 3601 - 
",000,False,000,False,False,False,1,61
"### | 3602 - 
",000,False,000,False,False,False,1,66
"### | 3603 - 
",000,False,000,False,False,False,1,104
"### | 3604 - 
",000,False,000,False,False,False,1,53
"### | 3605 - 
",000,False,000,False,False,False,1,44
"### | 3606 - 
",000,False,000,False,False,False,1,50
"### | 3607 - 
",000,False,000,False,False,False,1,39
"### | 3608 - 
",000,False,000,False,False,False,1,118
"### | 3609 - 
",000,False,000,False,False,False,1,31
"### | 3610 - 
",000,False,000,False,False,False,1,29
"### | 3611 - 
",000,False,000,False,False,False,1,30
"### | 3612 - 
",000,False,000,False,False,False,1,46
"### | 3613 - 
",000,False,000,False,False,False,1,51
"### | 3614 - 
",000,False,000,False,False,False,1,116
"### | 3615 - 
",000,False,000,False,False,False,1,80
"### | 3616 - 
",000,False,000,False,False,False,1,61
"### | 3617 - 
",000,False,000,False,False,False,1,33
"### | 3618 - 
",000,False,000,False,False,False,1,174
"### | 3619 - 
",000,False,000,False,False,False,1,25
"### | 3620 - 
",000,False,000,False,False,False,1,66
"### | 3621 - 
",000,False,000,False,False,False,1,32
"### | 3622 - 
",000,False,000,False,False,False,1,43
"### | 3623 - 
",000,False,000,False,False,False,1,34
"### | 3624 - 
",000,False,000,False,False,False,1,49
"### | 3625 - 
",000,False,000,False,False,False,1,64
"### | 3626 - 
",000,False,000,False,False,False,1,66
"### | 3627 - 
",000,False,000,False,False,False,1,19
"### | 3628 - 
",000,False,000,False,False,False,1,56
"### | 3629 - 
",000,False,000,False,False,False,1,42
"### | 3630 - 
",000,False,000,False,False,False,1,17
"### | 3631 - 
",000,False,000,False,False,False,1,31
"### | 3632 - 
",000,False,000,False,False,False,1,69
"### | 3633 - 
",000,False,000,False,False,False,1,55
"### | 3634 - 
",000,False,000,False,False,False,1,199
"### | 3635 - 
",000,False,000,False,False,False,1,43
"### | 3636 - 
",000,False,000,False,False,False,1,88
"### | 3637 - 
",000,False,000,False,False,False,1,115
"### | 3638 - 
",000,False,000,False,False,False,1,63
"### | 3639 - 
",000,False,000,False,False,False,1,96
"### | 3640 - 
",000,False,000,False,False,False,1,43
"### | 3641 - 
",000,False,000,False,False,False,1,44
"### | 3642 - 
",000,False,000,False,False,False,1,44
"### | 3643 - 
",000,False,000,False,False,False,1,66
"### | 3644 - 
",000,False,000,False,False,False,1,74
"### | 3645 - 
",000,False,000,False,False,False,1,20
"### | 3646 - 
",000,False,000,False,False,False,1,31
"### | 3647 - 
",000,False,000,False,False,False,1,32
"### | 3648 - 
",000,False,000,False,False,False,1,50
"### | 3649 - 
",000,False,000,False,False,False,1,26
"### | 3650 - 
",000,False,000,False,False,False,1,33
"### | 3651 - 
",000,False,000,False,False,False,1,34
"### | 3652 - 
",000,False,000,False,False,False,1,41
"### | 3653 - 
",000,False,000,False,False,False,1,53
"### | 3654 - 
",000,False,000,False,False,False,1,137
"### | 3655 - 
",000,False,000,False,False,False,1,48
"### | 3656 - 
",000,False,000,False,False,False,1,64
"### | 3657 - 
",000,False,000,False,False,False,1,10
"### | 3658 - 
",000,False,000,False,False,False,1,36
"### | 3659 - 
",000,False,000,False,False,False,1,64
"### | 3660 - 
",000,False,000,False,False,False,1,17
"### | 3661 - 
",000,False,000,False,False,False,1,48
"### | 3662 - 
",000,False,000,False,False,False,1,15
"### | 3663 - 
",000,False,000,False,False,False,1,132
"### | 3664 - 
",000,False,000,False,False,False,1,55
"### | 3665 - 
",000,False,000,False,False,False,1,48
"### | 3666 - 
",000,False,000,False,False,False,1,47
"### | 3667 - 
",000,False,000,False,False,False,1,35
"### | 3668 - 
",000,False,000,False,False,False,1,66
"### | 3669 - 
",000,False,000,False,False,False,1,58
"### | 3670 - 
",000,False,000,False,False,False,1,56
"### | 3671 - 
",000,False,000,False,False,False,1,23
"### | 3672 - 
",000,False,000,False,False,False,1,57
"### | 3673 - 
",000,False,000,False,False,False,1,17
"### | 3674 - 
",000,False,000,False,False,False,1,22
"### | 3675 - 
",000,False,000,False,False,False,1,26
"### | 3676 - 
",000,False,000,False,False,False,1,32
"### | 3677 - 
",000,False,000,False,False,False,1,51
"### | 3678 - 
",000,False,000,False,False,False,1,52
"### | 3679 - 
",000,False,000,False,False,False,1,41
"### | 3680 - 
",000,False,000,False,False,False,1,20
"### | 3681 - 
",000,False,000,False,False,False,1,42
"### | 3682 - 
",000,False,000,False,False,False,1,34
"### | 3683 - 
",000,False,000,False,False,False,1,31
"### | 3684 - 
",000,False,000,False,False,False,1,60
"### | 3685 - 
",000,False,000,False,False,False,1,26
"### | 3686 - 
",000,False,000,False,False,False,1,71
"### | 3687 - 
",000,False,000,False,False,False,1,59
"### | 3688 - 
",000,False,000,False,False,False,1,55
"### | 3689 - 
",000,False,000,False,False,False,1,34
"### | 3690 - 
",000,False,000,False,False,False,1,36
"### | 3691 - 
",000,False,000,False,False,False,1,33
"### | 3692 - 
",000,False,000,False,False,False,1,31
"### | 3693 - 
",000,False,000,False,False,False,1,23
"### | 3694 - 
",000,False,000,False,False,False,1,75
"### | 3695 - 
",000,False,000,False,False,False,1,45
"### | 3696 - 
",000,False,000,False,False,False,1,81
"### | 3697 - 
",000,False,000,False,False,False,1,21
"### | 3698 - 
",000,False,000,False,False,False,1,72
"### | 3699 - 
",000,False,000,False,False,False,1,60
"### | 3700 - 
",000,False,000,False,False,False,1,99
"### | 3701 - 
",000,False,000,False,False,False,1,136
"### | 3702 - 
",000,False,000,False,False,False,1,41
"### | 3703 - 
",000,False,000,False,False,False,1,88
"### | 3704 - 
",000,False,000,False,False,False,1,38
"### | 3705 - 
",000,False,000,False,False,False,1,24
"### | 3706 - 
",000,False,000,False,False,False,1,55
"### | 3707 - 
",000,False,000,False,False,False,1,45
"### | 3708 - 
",000,False,000,False,False,False,1,81
"### | 3709 - 
",000,False,000,False,False,False,1,42
"### | 3710 - 
",000,False,000,False,False,False,1,56
"### | 3711 - 
",000,False,000,False,False,False,1,45
"### | 3712 - 
",000,False,000,False,False,False,1,64
"### | 3713 - 
",000,False,000,False,False,False,1,58
"### | 3714 - 
",000,False,000,False,False,False,1,57
"### | 3715 - 
",000,False,000,False,False,False,1,72
"### | 3716 - 
",000,False,000,False,False,False,1,158
"### | 3717 - 
",000,False,000,False,False,False,1,351
"### | 3718 - 
",000,False,000,False,False,False,1,44
"### | 3719 - 
",000,False,000,False,False,False,1,172
"### | 3720 - 
",000,False,000,False,False,False,1,60
"### | 3721 - 
",000,False,000,False,False,False,1,54
"### | 3722 - 
",000,False,000,False,False,False,1,54
"### | 3723 - 
",000,False,000,False,False,False,1,50
"### | 3724 - 
",000,False,000,False,False,False,1,27
"### | 3725 - 
",000,False,000,False,False,False,1,38
"### | 3726 - 
",000,False,000,False,False,False,1,46
"### | 3727 - 
",000,False,000,False,False,False,1,26
"### | 3728 - 
",000,False,000,False,False,False,1,116
"### | 3729 - 
",000,False,000,False,False,False,1,22
"### | 3730 - 
",000,False,000,False,False,False,1,28
"### | 3731 - 
",000,False,000,False,False,False,1,46
"### | 3732 - 
",000,False,000,False,False,False,1,70
"### | 3733 - 
",000,False,000,False,False,False,1,79
"### | 3734 - 
",000,False,000,False,False,False,1,41
"### | 3735 - 
",000,False,000,False,False,False,1,46
"### | 3736 - 
",000,False,000,False,False,False,1,55
"### | 3737 - 
",000,False,000,False,False,False,1,73
"### | 3738 - 
",000,False,000,False,False,False,1,36
"### | 3739 - 
",000,False,000,False,False,False,1,34
"### | 3740 - 
",000,False,000,False,False,False,1,46
"### | 3741 - 
",000,False,000,False,False,False,1,76
"### | 3742 - 
",000,False,000,False,False,False,1,41
"### | 3743 - 
",000,False,000,False,False,False,1,66
"### | 3744 - 
",000,False,000,False,False,False,1,63
"### | 3745 - 
",000,False,000,False,False,False,1,55
"### | 3746 - 
",000,False,000,False,False,False,1,24
"### | 3747 - 
",000,False,000,False,False,False,1,44
"### | 3748 - 
",000,False,000,False,False,False,1,89
"### | 3749 - 
",000,False,000,False,False,False,1,24
"### | 3750 - 
",000,False,000,False,False,False,1,27
"### | 3751 - 
",000,False,000,False,False,False,1,19
"### | 3752 - 
",000,False,000,False,False,False,1,52
"### | 3753 - 
",000,False,000,False,False,False,1,57
"### | 3754 - 
",000,False,000,False,False,False,1,28
"### | 3755 - 
",000,False,000,False,False,False,1,73
"### | 3756 - 
",000,False,000,False,False,False,1,63
"### | 3757 - 
",000,False,000,False,False,False,1,33
"### | 3758 - 
",000,False,000,False,False,False,1,26
"### | 3759 - 
",000,False,000,False,False,False,1,29
"### | 3760 - 
",000,False,000,False,False,False,1,29
"### | 3761 - 
",000,False,000,False,False,False,1,46
"### | 3762 - 
",000,False,000,False,False,False,1,40
"### | 3763 - 
",000,False,000,False,False,False,1,51
"### | 3764 - 
",000,False,000,False,False,False,1,26
"### | 3765 - 
",000,False,000,False,False,False,1,32
"### | 3766 - 
",000,False,000,False,False,False,1,31
"### | 3767 - 
",000,False,000,False,False,False,1,34
"### | 3768 - 
",000,False,000,False,False,False,1,48
"### | 3769 - 
",000,False,000,False,False,False,1,37
"### | 3770 - 
",000,False,000,False,False,False,1,23
"### | 3771 - 
",000,False,000,False,False,False,1,33
"### | 3772 - 
",000,False,000,False,False,False,1,78
"### | 3773 - 
",000,False,000,False,False,False,1,30
"### | 3774 - 
",000,False,000,False,False,False,1,77
"### | 3775 - 
",000,False,000,False,False,False,1,32
"### | 3776 - 
",000,False,000,False,False,False,1,35
"### | 3777 - 
",000,False,000,False,False,False,1,37
"### | 3778 - 
",000,False,000,False,False,False,1,15
"### | 3779 - 
",000,False,000,False,False,False,1,56
"### | 3780 - 
",000,False,000,False,False,False,1,55
"### | 3781 - 
",000,False,000,False,False,False,1,68
"### | 3782 - 
",000,False,000,False,False,False,1,34
"### | 3783 - 
",000,False,000,False,False,False,1,40
"### | 3784 - 
",000,False,000,False,False,False,1,125
"### | 3785 - 
",000,False,000,False,False,False,1,47
"### | 3786 - 
",000,False,000,False,False,False,1,25
"### | 3787 - 
",000,False,000,False,False,False,1,112
"### | 3788 - 
",000,False,000,False,False,False,1,59
"### | 3789 - 
",000,False,000,False,False,False,1,60
"### | 3790 - 
",000,False,000,False,False,False,1,48
"### | 3791 - 
",000,False,000,False,False,False,1,36
"### | 3792 - 
",000,False,000,False,False,False,1,75
"### | 3793 - 
",000,False,000,False,False,False,1,57
"### | 3794 - 
",000,False,000,False,False,False,1,22
"### | 3795 - 
",000,False,000,False,False,False,1,37
"### | 3796 - 
",000,False,000,False,False,False,1,59
"### | 3797 - 
",000,False,000,False,False,False,1,19
"### | 3798 - 
",000,False,000,False,False,False,1,57
"### | 3799 - 
",000,False,000,False,False,False,1,71
"### | 3800 - 
",000,False,000,False,False,False,1,16
"### | 3801 - 
",000,False,000,False,False,False,1,48
"### | 3802 - 
",000,False,000,False,False,False,1,101
"### | 3803 - 
",000,False,000,False,False,False,1,38
"### | 3804 - 
",000,False,000,False,False,False,1,79
"### | 3806 - 
",000,False,000,False,False,False,1,35
"### | 3807 - 
",000,False,000,False,False,False,1,59
"### | 3808 - 
",000,False,000,False,False,False,1,56
"### | 3809 - 
",000,False,000,False,False,False,1,58
"### | 3810 - 
",000,False,000,False,False,False,1,57
"### | 3811 - 
",000,False,000,False,False,False,1,61
"### | 3812 - 
",000,False,000,False,False,False,1,65
"### | 3813 - 
",000,False,000,False,False,False,1,50
"### | 3814 - 
",000,False,000,False,False,False,1,23
"### | 3815 - 
",000,False,000,False,False,False,1,15
"### | 3816 - 
",000,False,000,False,False,False,1,27
"### | 3817 - 
",000,False,000,False,False,False,1,38
"### | كتاب الاعتكاف
",000,False,000,False,False,False,1,4
"### | 3818 - 
",000,False,000,False,False,False,1,46
"### | 3819 - 
",000,False,000,False,False,False,1,30
"### | 3820 - 
",000,False,000,False,False,False,1,261
"### | 3821 - 
",000,False,000,False,False,False,1,108
"### | 3822 - 
",000,False,000,False,False,False,1,108
"### | 3823 - 
",000,False,000,False,False,False,1,119
"### | 3824 - 
",000,False,000,False,False,False,1,54
"### | 3825 - 
",000,False,000,False,False,False,1,65
"### | 3826 - 
",000,False,000,False,False,False,1,58
"### | 3827 - 
",000,False,000,False,False,False,1,149
"### | 3828 - 
",000,False,000,False,False,False,1,84
"### | 3829 - 
",000,False,000,False,False,False,1,46
"### | 3830 - 
",000,False,000,False,False,False,1,44
"### | 3831 - 
",000,False,000,False,False,False,1,42
"### | 3832 - 
",000,False,000,False,False,False,1,46
"### | 3833 - 
",000,False,000,False,False,False,1,26
"### | 3834 - 
",000,False,000,False,False,False,1,34
"### | 3835 - 
",000,False,000,False,False,False,1,36
"### | 3836 - 
",000,False,000,False,False,False,1,33
"### | 3837 - 
",000,False,000,False,False,False,1,40
"### | 3838 - 
",000,False,000,False,False,False,1,42
"### | 3839 - 
",000,False,000,False,False,False,1,62
"### | 3840 - 
",000,False,000,False,False,False,1,42
"### | 3841 - 
",000,False,000,False,False,False,1,38
"### | 3842 - 
",000,False,000,False,False,False,1,48
"### | 3843 - 
",000,False,000,False,False,False,1,60
"### | 3844 - 
",000,False,000,False,False,False,1,31
"### | 3845 - 
",000,False,000,False,False,False,1,126
"### | 3846 - 
",000,False,000,False,False,False,1,85
"### | 3847 - 
",000,False,000,False,False,False,1,100
"### | 3848 - 
",000,False,000,False,False,False,1,89
"### | 3849 - 
",000,False,000,False,False,False,1,38
"### | 3850 - 
",000,False,000,False,False,False,1,62
"### | 3851 - 
",000,False,000,False,False,False,1,52
"### | 3852 - 
",000,False,000,False,False,False,1,532
"### | باب مثل الجوف الذي ليس فيه الشيء من القرآن
",000,False,000,False,False,False,1,51
"### | باب البكاء عند سماع القرآن
",000,False,000,False,False,False,1,94
"### | باب فضل فاتحة الكتاب
",000,False,000,False,False,False,1,137
"### | كتاب الحج
",000,False,000,False,False,False,1,12
"### | 3853 - 
",000,False,000,False,False,False,1,42
"### | 3854 - 
",000,False,000,False,False,False,1,31
"### | 3855 - 
",000,False,000,False,False,False,1,28
"### | 3856 - 
",000,False,000,False,False,False,1,60
"### | 3857 - 
",000,False,000,False,False,False,1,52
"### | 3858 - 
",000,False,000,False,False,False,1,52
"### | 3859 - 
",000,False,000,False,False,False,1,27
"### | 3860 - 
",000,False,000,False,False,False,1,24
"### | 3861 - 
",000,False,000,False,False,False,1,21
"### | 3862 - 
",000,False,000,False,False,False,1,33
"### | 3863 - 
",000,False,000,False,False,False,1,27
"### | 3864 - 
",000,False,000,False,False,False,1,30
"### | 3865 - 
",000,False,000,False,False,False,1,28
"### | 3866 - 
",000,False,000,False,False,False,1,51
"### | 3867 - 
",000,False,000,False,False,False,1,35
"### | 3868 - 
",000,False,000,False,False,False,1,68
"### | 3869 - 
",000,False,000,False,False,False,1,57
"### | 3870 - 
",000,False,000,False,False,False,1,53
"### | 3871 - 
",000,False,000,False,False,False,1,75
"### | 3872 - 
",000,False,000,False,False,False,1,33
"### | 3873 - 
",000,False,000,False,False,False,1,71
"### | 3874 - 
",000,False,000,False,False,False,1,43
"### | 3875 - 
",000,False,000,False,False,False,1,132
"### | 3876 - 
",000,False,000,False,False,False,1,194
"### | 3877 - 
",000,False,000,False,False,False,1,83
"### | 3878 - 
",000,False,000,False,False,False,1,38
"### | 3879 - 
",000,False,000,False,False,False,1,75
"### | 3880 - 
",000,False,000,False,False,False,1,55
"### | 3881 - 
",000,False,000,False,False,False,1,29
"### | 3882 - 
",000,False,000,False,False,False,1,39
"### | 3883 - 
",000,False,000,False,False,False,1,78
"### | 3884 - 
",000,False,000,False,False,False,1,51
"### | 3885 - 
",000,False,000,False,False,False,1,27
"### | 3886 - 
",000,False,000,False,False,False,1,35
"### | 3887 - 
",000,False,000,False,False,False,1,63
"### | 3888 - 
",000,False,000,False,False,False,1,33
"### | 3889 - 
",000,False,000,False,False,False,1,32
"### | 3890 - 
",000,False,000,False,False,False,1,34
"### | 3891 - 
",000,False,000,False,False,False,1,83
"### | 3892 - 
",000,False,000,False,False,False,1,60
"### | 3893 - 
",000,False,000,False,False,False,1,43
"### | 3894 - 
",000,False,000,False,False,False,1,66
"### | 3895 - 
",000,False,000,False,False,False,1,70
"### | 3896 - 
",000,False,000,False,False,False,1,90
"### | 3897 - 
",000,False,000,False,False,False,1,49
"### | 3898 - 
",000,False,000,False,False,False,1,70
"### | 3899 - 
",000,False,000,False,False,False,1,69
"### | 3900 - 
",000,False,000,False,False,False,1,45
"### | 3901 - 
",000,False,000,False,False,False,1,54
"### | 3902 - 
",000,False,000,False,False,False,1,46
"### | 3903 - 
",000,False,000,False,False,False,1,26
"### | 3904 - 
",000,False,000,False,False,False,1,33
"### | 3905 - 
",000,False,000,False,False,False,1,74
"### | 3906 - 
",000,False,000,False,False,False,1,31
"### | 3907 - 
",000,False,000,False,False,False,1,31
"### | 3908 - 
",000,False,000,False,False,False,1,78
"### | 3909 - 
",000,False,000,False,False,False,1,25
"### | 3910 - 
",000,False,000,False,False,False,1,36
"### | 3911 - 
",000,False,000,False,False,False,1,29
"### | 3912 - 
",000,False,000,False,False,False,1,29
"### | 3913 - 
",000,False,000,False,False,False,1,51
"### | 3914 - 
",000,False,000,False,False,False,1,63
"### | 3915 - 
",000,False,000,False,False,False,1,45
"### | 3916 - 
",000,False,000,False,False,False,1,50
"### | 3917 - 
",000,False,000,False,False,False,1,59
"### | 3918 - 
",000,False,000,False,False,False,1,79
"### | 3919 - 
",000,False,000,False,False,False,1,47
"### | 3920 - 
",000,False,000,False,False,False,1,51
"### | 3921 - 
",000,False,000,False,False,False,1,42
"### | 3922 - 
",000,False,000,False,False,False,1,33
"### | 3923 - 
",000,False,000,False,False,False,1,55
"### | 3924 - 
",000,False,000,False,False,False,1,23
"### | 3925 - 
",000,False,000,False,False,False,1,22
"### | 3926 - 
",000,False,000,False,False,False,1,34
"### | 3927 - 
",000,False,000,False,False,False,1,61
"### | 3928 - 
",000,False,000,False,False,False,1,34
"### | 3929 - 
",000,False,000,False,False,False,1,184
"### | 3930 - 
",000,False,000,False,False,False,1,66
"### | 3931 - 
",000,False,000,False,False,False,1,51
"### | 3932 - 
",000,False,000,False,False,False,1,52
"### | 3933 - 
",000,False,000,False,False,False,1,65
"### | 3934 - 
",000,False,000,False,False,False,1,50
"### | 3935 - 
",000,False,000,False,False,False,1,39
"### | 3936 - 
",000,False,000,False,False,False,1,36
"### | 3937 - 
",000,False,000,False,False,False,1,81
"### | 3938 - 
",000,False,000,False,False,False,1,63
"### | 3939 - 
",000,False,000,False,False,False,1,74
"### | 3940 - 
",000,False,000,False,False,False,1,54
"### | 3941 - 
",000,False,000,False,False,False,1,92
"### | 3942 - 
",000,False,000,False,False,False,1,30
"### | 3943 - 
",000,False,000,False,False,False,1,87
"### | 3944 - 
",000,False,000,False,False,False,1,34
"### | 3945 - 
",000,False,000,False,False,False,1,32
"### | 3946 - 
",000,False,000,False,False,False,1,46
"### | 3947 - 
",000,False,000,False,False,False,1,47
"### | 3948 - 
",000,False,000,False,False,False,1,64
"### | 3949 - 
",000,False,000,False,False,False,1,83
"### | 3950 - 
",000,False,000,False,False,False,1,43
"### | 3951 - 
",000,False,000,False,False,False,1,42
"### | 3952 - 
",000,False,000,False,False,False,1,25
"### | 3953 - 
",000,False,000,False,False,False,1,48
"### | 3954 - 
",000,False,000,False,False,False,1,52
"### | 3955 - 
",000,False,000,False,False,False,1,27
"### | 3956 - 
",000,False,000,False,False,False,1,93
"### | 3957 - 
",000,False,000,False,False,False,1,65
"### | 3958 - 
",000,False,000,False,False,False,1,23
"### | 3959 - 
",000,False,000,False,False,False,1,45
"### | 3960 - 
",000,False,000,False,False,False,1,43
"### | 3961 - 
",000,False,000,False,False,False,1,25
"### | 3962 - 
",000,False,000,False,False,False,1,38
"### | 3963 - 
",000,False,000,False,False,False,1,39
"### | 3964 - 
",000,False,000,False,False,False,1,35
"### | 3965 - 
",000,False,000,False,False,False,1,180
"### | 3966 - 
",000,False,000,False,False,False,1,80
"### | 3967 - 
",000,False,000,False,False,False,1,30
"### | 3968 - 
",000,False,000,False,False,False,1,32
"### | 3969 - 
",000,False,000,False,False,False,1,41
"### | 3970 - 
",000,False,000,False,False,False,1,88
"### | 3971 - 
",000,False,000,False,False,False,1,142
"### | 3972 - 
",000,False,000,False,False,False,1,42
"### | 3973 - 
",000,False,000,False,False,False,1,52
"### | 3974 - 
",000,False,000,False,False,False,1,39
"### | 3975 - 
",000,False,000,False,False,False,1,77
"### | 3976 - 
",000,False,000,False,False,False,1,41
"### | 3977 - 
",000,False,000,False,False,False,1,69
"### | 3978 - 
",000,False,000,False,False,False,1,28
"### | 3979 - 
",000,False,000,False,False,False,1,111
"### | 3980 - 
",000,False,000,False,False,False,1,38
"### | 3981 - 
",000,False,000,False,False,False,1,72
"### | 3982 - 
",000,False,000,False,False,False,1,25
"### | 3983 - 
",000,False,000,False,False,False,1,40
"### | 3984 - 
",000,False,000,False,False,False,1,30
"### | 3985 - 
",000,False,000,False,False,False,1,149
"### | 3986 - 
",000,False,000,False,False,False,1,118
"### | 3987 - 
",000,False,000,False,False,False,1,46
"### | 3988 - 
",000,False,000,False,False,False,1,39
"### | 3989 - 
",000,False,000,False,False,False,1,31
"### | 3990 - 
",000,False,000,False,False,False,1,88
"### | 3991 - 
",000,False,000,False,False,False,1,72
"### | 3992 - 
",000,False,000,False,False,False,1,17
"### | 3993 - 
",000,False,000,False,False,False,1,48
"### | 3994 - 
",000,False,000,False,False,False,1,47
"### | 3995 - 
",000,False,000,False,False,False,1,55
"### | 3996 - 
",000,False,000,False,False,False,1,54
"### | 3997 - 
",000,False,000,False,False,False,1,39
"### | 3998 - 
",000,False,000,False,False,False,1,38
"### | 3999 - 
",000,False,000,False,False,False,1,73
"### | 4000 - 
",000,False,000,False,False,False,1,41
"### | 4001 - 
",000,False,000,False,False,False,1,26
"### | 4002 - 
",000,False,000,False,False,False,1,50
"### | 4003 - 
",000,False,000,False,False,False,1,39
"### | 4004 - 
",000,False,000,False,False,False,1,101
"### | 4005 - 
",000,False,000,False,False,False,1,45
"### | 4006 - 
",000,False,000,False,False,False,1,25
"### | 4007 - 
",000,False,000,False,False,False,1,40
"### | 4008 - 
",000,False,000,False,False,False,1,32
"### | 4009 - 
",000,False,000,False,False,False,1,34
"### | 4010 - 
",000,False,000,False,False,False,1,36
"### | 4011 - 
",000,False,000,False,False,False,1,38
"### | 4012 - 
",000,False,000,False,False,False,1,50
"### | 4013 - 
",000,False,000,False,False,False,1,145
"### | 4014 - 
",000,False,000,False,False,False,1,51
"### | 4015 - 
",000,False,000,False,False,False,1,91
"### | 4016 - 
",000,False,000,False,False,False,1,41
"### | 4017 - 
",000,False,000,False,False,False,1,63
"### | 4018 - 
",000,False,000,False,False,False,1,46
"### | 4019 - 
",000,False,000,False,False,False,1,33
"### | 4020 - 
",000,False,000,False,False,False,1,90
"### | 4021 - 
",000,False,000,False,False,False,1,36
"### | 4022 - 
",000,False,000,False,False,False,1,122
"### | 4023 - 
",000,False,000,False,False,False,1,90
"### | 4024 - 
",000,False,000,False,False,False,1,31
"### | 4025 - 
",000,False,000,False,False,False,1,25
"### | 4026 - 
",000,False,000,False,False,False,1,34
"### | 4027 - 
",000,False,000,False,False,False,1,36
"### | 4028 - 
",000,False,000,False,False,False,1,197
"### | 4029 - 
",000,False,000,False,False,False,1,44
"### | 4030 - 
",000,False,000,False,False,False,1,94
"### | 4031 - 
",000,False,000,False,False,False,1,87
"### | 4032 - 
",000,False,000,False,False,False,1,82
"### | 4033 - 
",000,False,000,False,False,False,1,106
"### | 4034 - 
",000,False,000,False,False,False,1,110
"### | 4035 - 
",000,False,000,False,False,False,1,35
"### | 4036 - 
",000,False,000,False,False,False,1,20
"### | 4037 - 
",000,False,000,False,False,False,1,54
"### | 4038 - 
",000,False,000,False,False,False,1,29
"### | 4039 - 
",000,False,000,False,False,False,1,41
"### | 4040 - 
",000,False,000,False,False,False,1,45
"### | 4041 - 
",000,False,000,False,False,False,1,158
"### | 4042 - 
",000,False,000,False,False,False,1,36
"### | 4043 - 
",000,False,000,False,False,False,1,44
"### | 4044 - 
",000,False,000,False,False,False,1,48
"### | 4045 - 
",000,False,000,False,False,False,1,42
"### | 4046 - 
",000,False,000,False,False,False,1,36
"### | 41 - 
",000,False,000,False,False,False,1,2
"### | 
",000,False,000,False,False,False,1,0
"### | باب 
",000,False,000,False,False,False,1,17
"### | 4047 - 
",000,False,000,False,False,False,1,69
"### | 4048 - 
",000,False,000,False,False,False,1,119
"### | 4049 - 
",000,False,000,False,False,False,1,28
"### | 5040 - 
",000,False,000,False,False,False,1,88
"### | 4051 - 
",000,False,000,False,False,False,1,68
"### | 4052 - 
",000,False,000,False,False,False,1,76
"### | 4053 - 
",000,False,000,False,False,False,1,65
"### | 4054 - 
",000,False,000,False,False,False,1,240
"### | 4055 - 
",000,False,000,False,False,False,1,55
"### | 4056 - 
",000,False,000,False,False,False,1,51
"### | 4057 - 
",000,False,000,False,False,False,1,61
"### | 4058 - 
",000,False,000,False,False,False,1,195
"### | 4059 - 
",000,False,000,False,False,False,1,57
"### | 4060 - 
",000,False,000,False,False,False,1,58
"### | 4061 - 
",000,False,000,False,False,False,1,38
"### | 4062 - 
",000,False,000,False,False,False,1,215
"### | 4063 - 
",000,False,000,False,False,False,1,95
"### | 4064 - 
",000,False,000,False,False,False,1,98
"### | 4065 - 
",000,False,000,False,False,False,1,37
"### | 4066 - 
",000,False,000,False,False,False,1,119
"### | 4067 - 
",000,False,000,False,False,False,1,48
"### | 4068 - 
",000,False,000,False,False,False,1,62
"### | 4069 - 
",000,False,000,False,False,False,1,20
"### | 4070 - 
",000,False,000,False,False,False,1,18
"### | 4071 - 
",000,False,000,False,False,False,1,93
"### | 4072 - 
",000,False,000,False,False,False,1,113
"### | 4073 - 
",000,False,000,False,False,False,1,17
"### | 4074 - 
",000,False,000,False,False,False,1,28
"### | 4075 - 
",000,False,000,False,False,False,1,27
"### | 4076 - 
",000,False,000,False,False,False,1,59
"### | 4077 - 
",000,False,000,False,False,False,1,118
"### | 4078 - 
",000,False,000,False,False,False,1,115
"### | 4079 - 
",000,False,000,False,False,False,1,40
"### | 4080 - 
",000,False,000,False,False,False,1,25
"### | 4081 - 
",000,False,000,False,False,False,1,25
"### | 4082 - 
",000,False,000,False,False,False,1,27
"### | 4083 - 
",000,False,000,False,False,False,1,33
"### | 4084 - 
",000,False,000,False,False,False,1,53
"### | 4085 - 
",000,False,000,False,False,False,1,34
"### | 4086 - 
",000,False,000,False,False,False,1,34
"### | 4087 - 
",000,False,000,False,False,False,1,22
"### | 4088 - 
",000,False,000,False,False,False,1,38
"### | 4089 - 
",000,False,000,False,False,False,1,23
"### | 49 - 
",000,False,000,False,False,False,1,7
"### | 4090 - 
",000,False,000,False,False,False,1,17
"### | العمرة قبل الحج، 
",000,False,000,False,False,False,1,24
"### | 4091 - 
",000,False,000,False,False,False,1,43
"### | 4092 - 
",000,False,000,False,False,False,1,112
"### | 4093 - 
",000,False,000,False,False,False,1,51
"### | 4094 - 
",000,False,000,False,False,False,1,36
"### | 4095 - 
",000,False,000,False,False,False,1,47
"### | 4096 - 
",000,False,000,False,False,False,1,171
"### | 4097 - 
",000,False,000,False,False,False,1,657
"### | 4098 - 
",000,False,000,False,False,False,1,47
"### | 4099 - 
",000,False,000,False,False,False,1,71
"### | 4100 - 
",000,False,000,False,False,False,1,46
"### | 4101 - 
",000,False,000,False,False,False,1,40
"### | 4102 - 
",000,False,000,False,False,False,1,45
"### | 4103 - 
",000,False,000,False,False,False,1,116
"### | 4104 - 
",000,False,000,False,False,False,1,50
"### | 4105 - 
",000,False,000,False,False,False,1,46
"### | 4106 - 
",000,False,000,False,False,False,1,27
"### | 4107 - 
",000,False,000,False,False,False,1,119
"### | 4108 - 
",000,False,000,False,False,False,1,32
"### | 4109 - 
",000,False,000,False,False,False,1,33
"### | 4110 - 
",000,False,000,False,False,False,1,26
"### | 4111 - 
",000,False,000,False,False,False,1,20
"### | 4112 - 
",000,False,000,False,False,False,1,61
"### | 4113 - 
",000,False,000,False,False,False,1,35
"### | 4114 - 
",000,False,000,False,False,False,1,41
"### | 4115 - 
",000,False,000,False,False,False,1,36
"### | 4116 - 
",000,False,000,False,False,False,1,75
"### | 4117 - 
",000,False,000,False,False,False,1,143
"### | 4118 - 
",000,False,000,False,False,False,1,45
"### | 4119 - 
",000,False,000,False,False,False,1,51
"### | 4120 - 
",000,False,000,False,False,False,1,17
"### | 4121 - 
",000,False,000,False,False,False,1,30
"### | 4122 - 
",000,False,000,False,False,False,1,24
"### | 4123 - 
",000,False,000,False,False,False,1,31
"### | 4124 - 
",000,False,000,False,False,False,1,24
"### | 4125 - 
",000,False,000,False,False,False,1,28
"### | 4126 - 
",000,False,000,False,False,False,1,36
"### | 4127 - 
",000,False,000,False,False,False,1,110
"### | 4128 - 
",000,False,000,False,False,False,1,28
"### | 4129 - 
",000,False,000,False,False,False,1,58
"### | 4130 - 
",000,False,000,False,False,False,1,64
"### | 4131 - 
",000,False,000,False,False,False,1,36
"### | 4132 - 
",000,False,000,False,False,False,1,37
"### | 4133 - 
",000,False,000,False,False,False,1,86
"### | 4134 - 
",000,False,000,False,False,False,1,24
"### | 4135 - 
",000,False,000,False,False,False,1,162
"### | 4136 - 
",000,False,000,False,False,False,1,71
"### | 4137 - 
",000,False,000,False,False,False,1,45
"### | 4138 - 
",000,False,000,False,False,False,1,28
"### | 4139 - 
",000,False,000,False,False,False,1,70
"### | 4140 - 
",000,False,000,False,False,False,1,119
"### | 4141 - 
",000,False,000,False,False,False,1,55
"### | 4142 - 
",000,False,000,False,False,False,1,15
"### | 4143 - 
",000,False,000,False,False,False,1,20
"### | 4144 - 
",000,False,000,False,False,False,1,72
"### | 4145 - 
",000,False,000,False,False,False,1,20
"### | 4146 - 
",000,False,000,False,False,False,1,32
"### | 4147 - 
",000,False,000,False,False,False,1,25
"### | 4148 - 
",000,False,000,False,False,False,1,30
"### | 4149 - 
",000,False,000,False,False,False,1,41
"### | 4150 - 
",000,False,000,False,False,False,1,29
"### | 4151 - 
",000,False,000,False,False,False,1,127
"### | 4152 - 
",000,False,000,False,False,False,1,37
"### | 4153 - 
",000,False,000,False,False,False,1,54
"### | 4154 - 
",000,False,000,False,False,False,1,61
"### | 4155 - 
",000,False,000,False,False,False,1,58
"### | 4156 - 
",000,False,000,False,False,False,1,48
"### | 4157 - 
",000,False,000,False,False,False,1,54
"### | 4158 - 
",000,False,000,False,False,False,1,42
"### | 4159 - 
",000,False,000,False,False,False,1,30
"### | 4160 - 
",000,False,000,False,False,False,1,35
"### | 4161 - 
",000,False,000,False,False,False,1,57
"### | 4162 - 
",000,False,000,False,False,False,1,50
"### | 4163 - 
",000,False,000,False,False,False,1,108
"### | 4164 - 
",000,False,000,False,False,False,1,32
"### | 4165 - 
",000,False,000,False,False,False,1,56
"### | 4166 - 
",000,False,000,False,False,False,1,125
"### | 4168 - 
",000,False,000,False,False,False,1,52
"### | 4169 - 
",000,False,000,False,False,False,1,24
"### | 4170 - 
",000,False,000,False,False,False,1,45
"### | 4171 - 
",000,False,000,False,False,False,1,24
"### | 4172 - 
",000,False,000,False,False,False,1,46
"### | 4173 - 
",000,False,000,False,False,False,1,55
"### | 4174 - 
",000,False,000,False,False,False,1,65
"### | 4175 - 
",000,False,000,False,False,False,1,50
"### | 4176 - 
",000,False,000,False,False,False,1,31
"### | 4177 - 
",000,False,000,False,False,False,1,86
"### | 4178 - 
",000,False,000,False,False,False,1,59
"### | 4179 - 
",000,False,000,False,False,False,1,38
"### | 4180 - 
",000,False,000,False,False,False,1,36
"### | 4181 - 
",000,False,000,False,False,False,1,30
"### | 4182 - 
",000,False,000,False,False,False,1,38
"### | 4183 - 
",000,False,000,False,False,False,1,26
"### | 4184 - 
",000,False,000,False,False,False,1,34
"### | 4185 - 
",000,False,000,False,False,False,1,45
"### | 4186 - 
",000,False,000,False,False,False,1,53
"### | 4187 - 
",000,False,000,False,False,False,1,50
"### | 4188 - 
",000,False,000,False,False,False,1,56
"### | 4189 - 
",000,False,000,False,False,False,1,28
"### | 4190 - 
",000,False,000,False,False,False,1,25
"### | 4191 - 
",000,False,000,False,False,False,1,38
"### | 4192 - 
",000,False,000,False,False,False,1,49
"### | 4193 - 
",000,False,000,False,False,False,1,70
"### | 4194 - 
",000,False,000,False,False,False,1,51
"### | 4195 - 
",000,False,000,False,False,False,1,47
"### | 4196 - 
",000,False,000,False,False,False,1,85
"### | 4197 - 
",000,False,000,False,False,False,1,37
"### | 4197 - 
",000,False,000,False,False,False,1,49
"### | 4198 - 
",000,False,000,False,False,False,1,42
"### | 4199 - 
",000,False,000,False,False,False,1,35
"### | 4200 - 
",000,False,000,False,False,False,1,39
"### | 4201 - 
",000,False,000,False,False,False,1,52
"### | 4202 - 
",000,False,000,False,False,False,1,124
"### | 4203 - 
",000,False,000,False,False,False,1,38
"### | 4204 - 
",000,False,000,False,False,False,1,63
"### | 4205 - 
",000,False,000,False,False,False,1,40
"### | 4206 - 
",000,False,000,False,False,False,1,235
"### | 4207 - 
",000,False,000,False,False,False,1,68
"### | 4208 - 
",000,False,000,False,False,False,1,38
"### | 4209 - 
",000,False,000,False,False,False,1,34
"### | 4210 - 
",000,False,000,False,False,False,1,97
"### | 4211 - 
",000,False,000,False,False,False,1,40
"### | 4212 - 
",000,False,000,False,False,False,1,78
"### | 4213 - 
",000,False,000,False,False,False,1,48
"### | 4214 - 
",000,False,000,False,False,False,1,45
"### | 4215 - 
",000,False,000,False,False,False,1,62
"### | 4216 - 
",000,False,000,False,False,False,1,42
"### | 4217 - 
",000,False,000,False,False,False,1,52
"### | 4218 - 
",000,False,000,False,False,False,1,31
"### | 4219 - 
",000,False,000,False,False,False,1,66
"### | 4220 - 
",000,False,000,False,False,False,1,130
"### | 4221 - 
",000,False,000,False,False,False,1,21
"### | 4222 - 
",000,False,000,False,False,False,1,186
"### | 4223 - 
",000,False,000,False,False,False,1,22
"### | 4224 - 
",000,False,000,False,False,False,1,31
"### | 4225 - 
",000,False,000,False,False,False,1,67
"### | 4226 - 
",000,False,000,False,False,False,1,50
"### | 4227 - 
",000,False,000,False,False,False,1,34
"### | 4228 - 
",000,False,000,False,False,False,1,44
"### | 4229 - 
",000,False,000,False,False,False,1,60
"### | 4230 - 
",000,False,000,False,False,False,1,26
"### | 4231 - 
",000,False,000,False,False,False,1,26
"### | 4232 - 
",000,False,000,False,False,False,1,55
"### | 4233 - 
",000,False,000,False,False,False,1,48
"### | 4234 - 
",000,False,000,False,False,False,1,87
"### | 4235 - 
",000,False,000,False,False,False,1,35
"### | 4236 - 
",000,False,000,False,False,False,1,66
"### | 4237 - 
",000,False,000,False,False,False,1,60
"### | 4238 - 
",000,False,000,False,False,False,1,55
"### | 4239 - 
",000,False,000,False,False,False,1,37
"### | 4240 - 
",000,False,000,False,False,False,1,53
"### | 4241 - 
",000,False,000,False,False,False,1,43
"### | 4242 - 
",000,False,000,False,False,False,1,26
"### | 4243 - 
",000,False,000,False,False,False,1,68
"### | 4244 - 
",000,False,000,False,False,False,1,19
"### | 4245 - 
",000,False,000,False,False,False,1,45
"### | 4246 - 
",000,False,000,False,False,False,1,43
"### | 4247 - 
",000,False,000,False,False,False,1,65
"### | 4248 - 
",000,False,000,False,False,False,1,24
"### | 4249 - 
",000,False,000,False,False,False,1,28
"### | 4250 - 
",000,False,000,False,False,False,1,23
"### | 4251 - 
",000,False,000,False,False,False,1,33
"### | 4252 - 
",000,False,000,False,False,False,1,25
"### | 4253 - 
",000,False,000,False,False,False,1,60
"### | 4254 - 
",000,False,000,False,False,False,1,68
"### | 4255 - 
",000,False,000,False,False,False,1,48
"### | 4256 - 
",000,False,000,False,False,False,1,27
"### | 4257 - 
",000,False,000,False,False,False,1,25
"### | 4258 - 
",000,False,000,False,False,False,1,32
"### | 4259 - 
",000,False,000,False,False,False,1,35
"### | 4260 - 
",000,False,000,False,False,False,1,60
"### | 4261 - 
",000,False,000,False,False,False,1,43
"### | 4262 - 
",000,False,000,False,False,False,1,29
"### | 4263 - 
",000,False,000,False,False,False,1,45
"### | 4264 - 
",000,False,000,False,False,False,1,52
"### | 4265 - 
",000,False,000,False,False,False,1,116
"### | 4266 - 
",000,False,000,False,False,False,1,41
"### | 4267 - 
",000,False,000,False,False,False,1,52
"### | 4268 - 
",000,False,000,False,False,False,1,59
"### | 4269 - 
",000,False,000,False,False,False,1,49
"### | 4270 - 
",000,False,000,False,False,False,1,41
"### | 4271 - 
",000,False,000,False,False,False,1,67
"### | 4272 - 
",000,False,000,False,False,False,1,74
"### | 4273 - 
",000,False,000,False,False,False,1,95
"### | 4274 - 
",000,False,000,False,False,False,1,50
"### | 4275 - 
",000,False,000,False,False,False,1,34
"### | 4276 - 
",000,False,000,False,False,False,1,106
"### | 4277 - 
",000,False,000,False,False,False,1,57
"### | 4278 - 
",000,False,000,False,False,False,1,95
"### | 4279 - 
",000,False,000,False,False,False,1,82
"### | 4280 - 
",000,False,000,False,False,False,1,179
"### | 4281 - 
",000,False,000,False,False,False,1,80
"### | 4282 - 
",000,False,000,False,False,False,1,68
"### | 4283 - 
",000,False,000,False,False,False,1,95
"### | 4284 - 
",000,False,000,False,False,False,1,38
"### | 4285 - 
",000,False,000,False,False,False,1,44
"### | 4286 - 
",000,False,000,False,False,False,1,49
"### | 4287 - 
",000,False,000,False,False,False,1,38
"### | 4288 - 
",000,False,000,False,False,False,1,47
"### | 4289 - 
",000,False,000,False,False,False,1,47
"### | 4290 - 
",000,False,000,False,False,False,1,100
"### | 4291 - 
",000,False,000,False,False,False,1,100
"### | 4292 - 
",000,False,000,False,False,False,1,44
"### | 4293 - 
",000,False,000,False,False,False,1,54
"### | 4294 - 
",000,False,000,False,False,False,1,187
"### | 4295 - 
",000,False,000,False,False,False,1,24
"### | 4296 - 
",000,False,000,False,False,False,1,41
"### | 4297 - 
",000,False,000,False,False,False,1,30
"### | 4298 - 
",000,False,000,False,False,False,1,34
"### | 4299 - 
",000,False,000,False,False,False,1,36
"### | 4300 - 
",000,False,000,False,False,False,1,77
"### | 4301 - 
",000,False,000,False,False,False,1,90
"### | 4302 - 
",000,False,000,False,False,False,1,64
"### | 4303 - 
",000,False,000,False,False,False,1,43
"### | 4304 - 
",000,False,000,False,False,False,1,50
"### | 4305 - 
",000,False,000,False,False,False,1,37
"### | 4306 - 
",000,False,000,False,False,False,1,53
"### | 4307 - 
",000,False,000,False,False,False,1,58
"### | 4308 - 
",000,False,000,False,False,False,1,91
"### | 4309 - 
",000,False,000,False,False,False,1,59
"### | 4310 - 
",000,False,000,False,False,False,1,63
"### | 4311 - 
",000,False,000,False,False,False,1,118
"### | 4312 - 
",000,False,000,False,False,False,1,65
"### | 4313 - 
",000,False,000,False,False,False,1,154
"### | 4314 - 
",000,False,000,False,False,False,1,61
"### | 4315 - 
",000,False,000,False,False,False,1,57
"### | 4316 - 
",000,False,000,False,False,False,1,52
"### | 4317 - 
",000,False,000,False,False,False,1,37
"### | 4318 - 
",000,False,000,False,False,False,1,76
"### | 4319 - 
",000,False,000,False,False,False,1,52
"### | 4320 - 
",000,False,000,False,False,False,1,81
"### | 4321 - 
",000,False,000,False,False,False,1,72
"### | 4322 - 
",000,False,000,False,False,False,1,101
"### | 4323 - 
",000,False,000,False,False,False,1,57
"### | 4324 - 
",000,False,000,False,False,False,1,44
"### | 4325 - 
",000,False,000,False,False,False,1,53
"### | 4326 - 
",000,False,000,False,False,False,1,24
"### | 4327 - 
",000,False,000,False,False,False,1,48
"### | 4328 - 
",000,False,000,False,False,False,1,266
"### | 4329 - 
",000,False,000,False,False,False,1,299
"### | 4330 - 
",000,False,000,False,False,False,1,103
"### | 4331 - 
",000,False,000,False,False,False,1,28
"### | 4332 - 
",000,False,000,False,False,False,1,37
"### | 4333 - 
",000,False,000,False,False,False,1,71
"### | 4334 - 
",000,False,000,False,False,False,1,28
"### | 4335 - 
",000,False,000,False,False,False,1,64
"### | 4336 - 
",000,False,000,False,False,False,1,74
"### | 4337 - 
",000,False,000,False,False,False,1,36
"### | 4338 - 
",000,False,000,False,False,False,1,24
"### | 4339 - 
",000,False,000,False,False,False,1,29
"### | 4340 - 
",000,False,000,False,False,False,1,54
"### | 4341 - 
",000,False,000,False,False,False,1,37
"### | 4342 - 
",000,False,000,False,False,False,1,43
"### | 4343 - 
",000,False,000,False,False,False,1,101
"### | 4344 - 
",000,False,000,False,False,False,1,34
"### | 4345 - 
",000,False,000,False,False,False,1,1131
"### | 4346 - 
",000,False,000,False,False,False,1,93
"### | 4347 - 
",000,False,000,False,False,False,1,63
"### | 4348 - 
",000,False,000,False,False,False,1,51
"### | 4349 - 
",000,False,000,False,False,False,1,132
"### | 4350 - 
",000,False,000,False,False,False,1,127
"### | 4351 - 
",000,False,000,False,False,False,1,37
"### | 4352 - 
",000,False,000,False,False,False,1,89
"### | 4353 - 
",000,False,000,False,False,False,1,47
"### | 4354 - 
",000,False,000,False,False,False,1,76
"### | 4355 - 
",000,False,000,False,False,False,1,49
"### | 4356 - 
",000,False,000,False,False,False,1,30
"### | 4357 - 
",000,False,000,False,False,False,1,63
"### | 4358 - 
",000,False,000,False,False,False,1,31
"### | 4359 - 
",000,False,000,False,False,False,1,42
"### | 4360 - 
",000,False,000,False,False,False,1,89
"### | 4361 - 
",000,False,000,False,False,False,1,64
"### | 4362 - 
",000,False,000,False,False,False,1,75
"### | 4363 - 
",000,False,000,False,False,False,1,31
"### | 4364 - 
",000,False,000,False,False,False,1,42
"### | 4365 - 
",000,False,000,False,False,False,1,78
"### | 4366 - 
",000,False,000,False,False,False,1,53
"### | 4367 - 
",000,False,000,False,False,False,1,60
"### | 4368 - 
",000,False,000,False,False,False,1,63
"### | 4369 - 
",000,False,000,False,False,False,1,77
"### | 4370 - 
",000,False,000,False,False,False,1,35
"### | 4371 - 
",000,False,000,False,False,False,1,106
"### | 4372 - 
",000,False,000,False,False,False,1,29
"### | 4373 - 
",000,False,000,False,False,False,1,104
"### | 4374 - 
",000,False,000,False,False,False,1,115
"### | 4375 - 
",000,False,000,False,False,False,1,55
"### | 4376 - 
",000,False,000,False,False,False,1,88
"### | 4377 - 
",000,False,000,False,False,False,1,71
"### | 4378 - 
",000,False,000,False,False,False,1,50
"### | 4379 - 
",000,False,000,False,False,False,1,87
"### | 4380 - 
",000,False,000,False,False,False,1,41
"### | 4381 - 
",000,False,000,False,False,False,1,107
"### | 4382 - 
",000,False,000,False,False,False,1,143
"### | 4383 - 
",000,False,000,False,False,False,1,91
"### | 4384 - 
",000,False,000,False,False,False,1,53
"### | 4385 - 
",000,False,000,False,False,False,1,116
"### | 4386 - 
",000,False,000,False,False,False,1,129
"### | 4387 - 
",000,False,000,False,False,False,1,88
"### | 4388 - 
",000,False,000,False,False,False,1,98
"### | 4389 - 
",000,False,000,False,False,False,1,40
"### | 4390 - 
",000,False,000,False,False,False,1,43
"### | 4391 - 
",000,False,000,False,False,False,1,63
"### | 4392 - 
",000,False,000,False,False,False,1,90
"### | 4393 - 
",000,False,000,False,False,False,1,30
"### | 4394 - 
",000,False,000,False,False,False,1,235
"### | 4395 - 
",000,False,000,False,False,False,1,34
"### | 4396 - 
",000,False,000,False,False,False,1,69
"### | 4397 - 
",000,False,000,False,False,False,1,55
"### | 4398 - 
",000,False,000,False,False,False,1,69
"### | 4399 - 
",000,False,000,False,False,False,1,22
"### | 4400 - 
",000,False,000,False,False,False,1,128
"### | 4401 - 
",000,False,000,False,False,False,1,30
"### | 4402 - 
",000,False,000,False,False,False,1,40
"### | 4403 - 
",000,False,000,False,False,False,1,198
"### | 4404 - 
",000,False,000,False,False,False,1,73
"### | 4405 - 
",000,False,000,False,False,False,1,59
"### | 4406 - 
",000,False,000,False,False,False,1,102
"### | 4407 - 
",000,False,000,False,False,False,1,114
"### | 4408 - 
",000,False,000,False,False,False,1,67
"### | 4409 - 
",000,False,000,False,False,False,1,77
"### | 4410 - 
",000,False,000,False,False,False,1,46
"### | 4411 - 
",000,False,000,False,False,False,1,85
"### | 4412 - 
",000,False,000,False,False,False,1,54
"### | 4413 - 
",000,False,000,False,False,False,1,45
"### | 4414 - 
",000,False,000,False,False,False,1,237
"### | 4415 - 
",000,False,000,False,False,False,1,156
"### | 4416 - 
",000,False,000,False,False,False,1,29
"### | 4417 - 
",000,False,000,False,False,False,1,30
"### | 4418 - 
",000,False,000,False,False,False,1,21
"### | 4419 - 
",000,False,000,False,False,False,1,24
"### | 4420 - 
",000,False,000,False,False,False,1,28
"### | 4421 - 
",000,False,000,False,False,False,1,29
"### | 4422 - 
",000,False,000,False,False,False,1,55
"### | 4423 - 
",000,False,000,False,False,False,1,50
"### | 4424 - 
",000,False,000,False,False,False,1,51
"### | 4425 - 
",000,False,000,False,False,False,1,33
"### | 4426 - 
",000,False,000,False,False,False,1,72
"### | 4427 - 
",000,False,000,False,False,False,1,50
"### | 4428 - 
",000,False,000,False,False,False,1,45
"### | 4429 - 
",000,False,000,False,False,False,1,68
"### | 4430 - 
",000,False,000,False,False,False,1,166
"### | 4431 - 
",000,False,000,False,False,False,1,57
"### | 4432 - 
",000,False,000,False,False,False,1,68
"### | 4433 - 
",000,False,000,False,False,False,1,29
"### | 4434 - 
",000,False,000,False,False,False,1,128
"### | 4435 - 
",000,False,000,False,False,False,1,60
"### | 4436 - 
",000,False,000,False,False,False,1,41
"### | 4437 - 
",000,False,000,False,False,False,1,30
"### | 4438 - 
",000,False,000,False,False,False,1,22
"### | 4439 - 
",000,False,000,False,False,False,1,43
"### | 4440 - 
",000,False,000,False,False,False,1,135
"### | 4441 - 
",000,False,000,False,False,False,1,232
"### | 4442 - 
",000,False,000,False,False,False,1,21
"### | 4443 - 
",000,False,000,False,False,False,1,64
"### | 4444 - 
",000,False,000,False,False,False,1,14
"### | 4445 - 
",000,False,000,False,False,False,1,27
"### | 4446 - 
",000,False,000,False,False,False,1,31
"### | 4447 - 
",000,False,000,False,False,False,1,75
"### | 4448 - 
",000,False,000,False,False,False,1,49
"### | 4449 - 
",000,False,000,False,False,False,1,25
"### | 4450 - 
",000,False,000,False,False,False,1,22
"### | 4451 - 
",000,False,000,False,False,False,1,75
"### | 4452 - 
",000,False,000,False,False,False,1,74
"### | 4453 - 
",000,False,000,False,False,False,1,28
"### | 4454 - 
",000,False,000,False,False,False,1,39
"### | 4455 - 
",000,False,000,False,False,False,1,38
"### | 4456 - 
",000,False,000,False,False,False,1,106
"### | 4457 - 
",000,False,000,False,False,False,1,64
"### | 4458 - 
",000,False,000,False,False,False,1,62
"### | 4459 - 
",000,False,000,False,False,False,1,104
"### | 4460 - 
",000,False,000,False,False,False,1,115
"### | 4461 - 
",000,False,000,False,False,False,1,70
"### | 4462 - 
",000,False,000,False,False,False,1,26
"### | 4463 - 
",000,False,000,False,False,False,1,49
"### | 4464 - 
",000,False,000,False,False,False,1,56
"### | 4465 - 
",000,False,000,False,False,False,1,49
"### | 4466 - 
",000,False,000,False,False,False,1,27
"### | 4467 - 
",000,False,000,False,False,False,1,33
"### | 4468 - 
",000,False,000,False,False,False,1,121
"### | 4469 - 
",000,False,000,False,False,False,1,86
"### | 4470 - 
",000,False,000,False,False,False,1,110
"### | 4471 - 
",000,False,000,False,False,False,1,146
"### | 4472 - 
",000,False,000,False,False,False,1,38
"### | 4473 - 
",000,False,000,False,False,False,1,164
"### | 4474 - 
",000,False,000,False,False,False,1,42
"### | 4475 - 
",000,False,000,False,False,False,1,115
"### | 4476 - 
",000,False,000,False,False,False,1,68
"### | 4477 - 
",000,False,000,False,False,False,1,62
"### | 4478 - 
",000,False,000,False,False,False,1,61
"### | 4479 - 
",000,False,000,False,False,False,1,41
"### | 4480 - 
",000,False,000,False,False,False,1,32
"### | 4481 - 
",000,False,000,False,False,False,1,317
"### | 4482 - 
",000,False,000,False,False,False,1,44
"### | 4483 - 
",000,False,000,False,False,False,1,88
"### | 4484 - 
",000,False,000,False,False,False,1,16
"### | 120 - 
",000,False,000,False,False,False,1,2
"### | 
",000,False,000,False,False,False,1,0
"### | باب 
",000,False,000,False,False,False,1,3
"### | 4485 - 
",000,False,000,False,False,False,1,30
"### | 4486 - 
",000,False,000,False,False,False,1,61
"### | 4487 - 
",000,False,000,False,False,False,1,41
"### | 4488 - 
",000,False,000,False,False,False,1,50
"### | 4489 - 
",000,False,000,False,False,False,1,27
"### | 4490 - 
",000,False,000,False,False,False,1,20
"### | 4491 - 
",000,False,000,False,False,False,1,27
"### | 4492 - 
",000,False,000,False,False,False,1,39
"### | 4493 - 
",000,False,000,False,False,False,1,111
"### | 4494 - 
",000,False,000,False,False,False,1,76
"### | 4495 - 
",000,False,000,False,False,False,1,25
"### | 4496 - 
",000,False,000,False,False,False,1,29
"### | 4497 - 
",000,False,000,False,False,False,1,89
"### | 4498 - 
",000,False,000,False,False,False,1,132
"### | 4499 - 
",000,False,000,False,False,False,1,54
"### | 4500 - 
",000,False,000,False,False,False,1,31
"### | 4501 - 
",000,False,000,False,False,False,1,59
"### | 4502 - 
",000,False,000,False,False,False,1,85
"### | 4503 - 
",000,False,000,False,False,False,1,42
"### | 4504 - 
",000,False,000,False,False,False,1,20
"### | 4505 - 
",000,False,000,False,False,False,1,38
"### | 4506 - 
",000,False,000,False,False,False,1,25
"### | 123 - 
",000,False,000,False,False,False,1,2
"### | 
",000,False,000,False,False,False,1,0
"### | باب 
",000,False,000,False,False,False,1,5
"### | 4507 - 
",000,False,000,False,False,False,1,60
"### | 4508 - 
",000,False,000,False,False,False,1,101
"### | 4509 - 
",000,False,000,False,False,False,1,48
"### | 4510 - 
",000,False,000,False,False,False,1,90
"### | 4511 - 
",000,False,000,False,False,False,1,37
"### | 4512 - 
",000,False,000,False,False,False,1,35
"### | 4513 - 
",000,False,000,False,False,False,1,79
"### | 4514 - 
",000,False,000,False,False,False,1,33
"### | 4515 - 
",000,False,000,False,False,False,1,38
"### | 4516 - 
",000,False,000,False,False,False,1,109
"### | 4517 - 
",000,False,000,False,False,False,1,138
"### | 4518 - 
",000,False,000,False,False,False,1,180
"### | 4519 - 
",000,False,000,False,False,False,1,26
"### | 4520 - 
",000,False,000,False,False,False,1,78
"### | 4521 - 
",000,False,000,False,False,False,1,41
"### | 4522 - 
",000,False,000,False,False,False,1,27
"### | 4523 - 
",000,False,000,False,False,False,1,101
"### | 4524 - 
",000,False,000,False,False,False,1,52
"### | 4525 - 
",000,False,000,False,False,False,1,47
"### | 4526 - 
",000,False,000,False,False,False,1,102
"### | 4527 - 
",000,False,000,False,False,False,1,28
"### | 4528 - 
",000,False,000,False,False,False,1,26
"### | 4529 - 
",000,False,000,False,False,False,1,72
"### | 4530 - 
",000,False,000,False,False,False,1,47
"### | 4531 - 
",000,False,000,False,False,False,1,53
"### | 4532 - 
",000,False,000,False,False,False,1,59
"### | 4533 - 
",000,False,000,False,False,False,1,54
"### | 4534 - 
",000,False,000,False,False,False,1,52
"### | 4535 - 
",000,False,000,False,False,False,1,33
"### | 4536 - 
",000,False,000,False,False,False,1,147
"### | 4537 - 
",000,False,000,False,False,False,1,51
"### | 4538 - 
",000,False,000,False,False,False,1,250
"### | 4539 - 
",000,False,000,False,False,False,1,162
"### | 4540 - 
",000,False,000,False,False,False,1,86
"### | 4541 - 
",000,False,000,False,False,False,1,48
"### | 4542 - 
",000,False,000,False,False,False,1,45
"### | 4543 - 
",000,False,000,False,False,False,1,53
"### | 4544 - 
",000,False,000,False,False,False,1,86
"### | 4545 - 
",000,False,000,False,False,False,1,42
"### | 4546 - 
",000,False,000,False,False,False,1,101
"### | 4547 - 
",000,False,000,False,False,False,1,83
"### | 4548 - 
",000,False,000,False,False,False,1,36
"### | 4549 - 
",000,False,000,False,False,False,1,59
"### | 4550 - 
",000,False,000,False,False,False,1,84
"### | 4551 - 
",000,False,000,False,False,False,1,31
"### | 4552 - 
",000,False,000,False,False,False,1,31
"### | 4553 - 
",000,False,000,False,False,False,1,69
"### | 4554 - 
",000,False,000,False,False,False,1,306
"### | 4555 - 
",000,False,000,False,False,False,1,21
"### | 4556 - 
",000,False,000,False,False,False,1,173
"### | 4557 - 
",000,False,000,False,False,False,1,43
"### | 4558 - 
",000,False,000,False,False,False,1,34
"### | 4559 - 
",000,False,000,False,False,False,1,65
"### | 4560 - 
",000,False,000,False,False,False,1,28
"### | 4561 - 
",000,False,000,False,False,False,1,26
"### | 4562 - 
",000,False,000,False,False,False,1,32
"### | 4563 - 
",000,False,000,False,False,False,1,34
"### | 4564 - 
",000,False,000,False,False,False,1,74
"### | 4565 - 
",000,False,000,False,False,False,1,43
"### | 4566 - 
",000,False,000,False,False,False,1,23
"### | 4567 - 
",000,False,000,False,False,False,1,37
"### | 4568 - 
",000,False,000,False,False,False,1,73
"### | 4569 - 
",000,False,000,False,False,False,1,122
"### | 4570 - 
",000,False,000,False,False,False,1,65
"### | 4571 - 
",000,False,000,False,False,False,1,45
"### | 4572 - 
",000,False,000,False,False,False,1,28
"### | 4573 - 
",000,False,000,False,False,False,1,36
"### | 4574 - 
",000,False,000,False,False,False,1,132
"### | 4575 - 
",000,False,000,False,False,False,1,143
"### | 4576 - 
",000,False,000,False,False,False,1,82
"### | 4577 - 
",000,False,000,False,False,False,1,29
"### | 4578 - 
",000,False,000,False,False,False,1,33
"### | 4579 - 
",000,False,000,False,False,False,1,35
"### | 4580 - 
",000,False,000,False,False,False,1,70
"### | 4581 - 
",000,False,000,False,False,False,1,35
"### | 4582 - 
",000,False,000,False,False,False,1,67
"### | 4583 - 
",000,False,000,False,False,False,1,96
"### | 4584 - 
",000,False,000,False,False,False,1,82
"### | 4585 - 
",000,False,000,False,False,False,1,27
"### | 4586 - 
",000,False,000,False,False,False,1,38
"### | 4587 - 
",000,False,000,False,False,False,1,79
"### | 4588 - 
",000,False,000,False,False,False,1,66
"### | 4589 - 
",000,False,000,False,False,False,1,26
"### | 4590 - 
",000,False,000,False,False,False,1,29
"### | 4591 - 
",000,False,000,False,False,False,1,28
"### | 4592 - 
",000,False,000,False,False,False,1,46
"### | 4593 - 
",000,False,000,False,False,False,1,31
"### | 4594 - 
",000,False,000,False,False,False,1,58
"### | 4595 - 
",000,False,000,False,False,False,1,46
"### | 4596 - 
",000,False,000,False,False,False,1,67
"### | 4597 - 
",000,False,000,False,False,False,1,29
"### | 4598 - 
",000,False,000,False,False,False,1,53
"### | 4599 - 
",000,False,000,False,False,False,1,27
"### | 4600 - 
",000,False,000,False,False,False,1,46
"### | 4601 - 
",000,False,000,False,False,False,1,47
"### | 4602 - 
",000,False,000,False,False,False,1,32
"### | 4603 - 
",000,False,000,False,False,False,1,31
"### | 4604 - 
",000,False,000,False,False,False,1,36
"### | 4605 - 
",000,False,000,False,False,False,1,32
"### | 4606 - 
",000,False,000,False,False,False,1,61
"### | 4607 - 
",000,False,000,False,False,False,1,63
"### | 4608 - 
",000,False,000,False,False,False,1,85
"### | 4609 - 
",000,False,000,False,False,False,1,62
"### | 4610 - 
",000,False,000,False,False,False,1,37
"### | 4611 - 
",000,False,000,False,False,False,1,44
"### | 4612 - 
",000,False,000,False,False,False,1,46
"### | 4613 - 
",000,False,000,False,False,False,1,97
"### | 4614 - 
",000,False,000,False,False,False,1,33
"### | 4615 - 
",000,False,000,False,False,False,1,61
"### | 4616 - 
",000,False,000,False,False,False,1,55
"### | 4617 - 
",000,False,000,False,False,False,1,103
"### | 4618 - 
",000,False,000,False,False,False,1,52
"### | 4619 - 
",000,False,000,False,False,False,1,107
"### | كتاب البيوع
",000,False,000,False,False,False,1,18
"### | 4620 - 
",000,False,000,False,False,False,1,38
"### | 4621 - 
",000,False,000,False,False,False,1,29
"### | 4622 - 
",000,False,000,False,False,False,1,37
"### | 4623 - 
",000,False,000,False,False,False,1,40
"### | 4624 - 
",000,False,000,False,False,False,1,96
"### | 6425 - 
",000,False,000,False,False,False,1,35
"### | 4626 - 
",000,False,000,False,False,False,1,20
"### | 4627 - 
",000,False,000,False,False,False,1,143
"### | 4628 - 
",000,False,000,False,False,False,1,36
"### | 4629 - 
",000,False,000,False,False,False,1,23
"### | 4630 - 
",000,False,000,False,False,False,1,55
"### | 4631 - 
",000,False,000,False,False,False,1,42
"### | 4632 - 
",000,False,000,False,False,False,1,36
"### | 4633 - 
",000,False,000,False,False,False,1,68
"### | 4634 - 
",000,False,000,False,False,False,1,41
"### | 4635 - 
",000,False,000,False,False,False,1,40
"### | 4636 - 
",000,False,000,False,False,False,1,27
"### | 4637 - 
",000,False,000,False,False,False,1,24
"### | 4638 - 
",000,False,000,False,False,False,1,78
"### | 4639 - 
",000,False,000,False,False,False,1,64
"### | 4640 - 
",000,False,000,False,False,False,1,41
"### | 4641 - 
",000,False,000,False,False,False,1,34
"### | 4642 - 
",000,False,000,False,False,False,1,55
"### | 4643 - 
",000,False,000,False,False,False,1,43
"### | 4644 - 
",000,False,000,False,False,False,1,45
"### | 4645 - 
",000,False,000,False,False,False,1,61
"### | 4646 - 
",000,False,000,False,False,False,1,71
"### | 4647 - 
",000,False,000,False,False,False,1,33
"### | 4648 - 
",000,False,000,False,False,False,1,34
"### | 4649 - 
",000,False,000,False,False,False,1,29
"### | 4650 - 
",000,False,000,False,False,False,1,38
"### | 4651 - 
",000,False,000,False,False,False,1,39
"### | 4652 - 
",000,False,000,False,False,False,1,56
"### | 4653 - 
",000,False,000,False,False,False,1,68
"### | 4654 - 
",000,False,000,False,False,False,1,35
"### | 4655 - 
",000,False,000,False,False,False,1,65
"### | 4656 - 
",000,False,000,False,False,False,1,30
"### | 4657 - 
",000,False,000,False,False,False,1,62
"### | 4658 - 
",000,False,000,False,False,False,1,65
"### | 4659 - 
",000,False,000,False,False,False,1,25
"### | 4660 - 
",000,False,000,False,False,False,1,83
"### | 4661 - 
",000,False,000,False,False,False,1,33
"### | 4662 - 
",000,False,000,False,False,False,1,48
"### | 4663 - 
",000,False,000,False,False,False,1,36
"### | 4664 - 
",000,False,000,False,False,False,1,43
"### | 4665 - 
",000,False,000,False,False,False,1,128
"### | 4666 - 
",000,False,000,False,False,False,1,64
"### | 4667 - 
",000,False,000,False,False,False,1,25
"### | 4668 - 
",000,False,000,False,False,False,1,50
"### | 4669 - 
",000,False,000,False,False,False,1,90
"### | 4670 - 
",000,False,000,False,False,False,1,40
"### | 4671 - 
",000,False,000,False,False,False,1,35
"### | 4672 - 
",000,False,000,False,False,False,1,23
"### | 4673 - 
",000,False,000,False,False,False,1,54
"### | 4674 - 
",000,False,000,False,False,False,1,50
"### | 4675 - 
",000,False,000,False,False,False,1,41
"### | 4676 - 
",000,False,000,False,False,False,1,46
"### | 4677 - 
",000,False,000,False,False,False,1,65
"### | 4678 - 
",000,False,000,False,False,False,1,75
"### | 4679 - 
",000,False,000,False,False,False,1,35
"### | 4680 - 
",000,False,000,False,False,False,1,45
"### | 4681 - 
",000,False,000,False,False,False,1,20
"### | 4682 - 
",000,False,000,False,False,False,1,51
"### | 4683 - 
",000,False,000,False,False,False,1,39
"### | 4684 - 
",000,False,000,False,False,False,1,46
"### | 4685 - 
",000,False,000,False,False,False,1,35
"### | 4686 - 
",000,False,000,False,False,False,1,76
"### | 4687 - 
",000,False,000,False,False,False,1,35
"### | 4688 - 
",000,False,000,False,False,False,1,58
"### | 4689 - 
",000,False,000,False,False,False,1,50
"### | 4690 - 
",000,False,000,False,False,False,1,36
"### | 4691 - 
",000,False,000,False,False,False,1,40
"### | 4692 - 
",000,False,000,False,False,False,1,32
"### | 4693 - 
",000,False,000,False,False,False,1,32
"### | 4694 - 
",000,False,000,False,False,False,1,28
"### | 4695 - 
",000,False,000,False,False,False,1,29
"### | 4696 - 
",000,False,000,False,False,False,1,43
"### | 4697 - 
",000,False,000,False,False,False,1,74
"### | 4698 - 
",000,False,000,False,False,False,1,57
"### | 4699 - 
",000,False,000,False,False,False,1,30
"### | 4700 - 
",000,False,000,False,False,False,1,42
"### | 4701 - 
",000,False,000,False,False,False,1,50
"### | 4702 - 
",000,False,000,False,False,False,1,37
"### | 4703 - 
",000,False,000,False,False,False,1,42
"### | 4704 - 
",000,False,000,False,False,False,1,34
"### | 4705 - 
",000,False,000,False,False,False,1,72
"### | 4706 - 
",000,False,000,False,False,False,1,116
"### | 4707 - 
",000,False,000,False,False,False,1,37
"### | 4708 - 
",000,False,000,False,False,False,1,71
"### | 4709 - 
",000,False,000,False,False,False,1,62
"### | 4710 - 
",000,False,000,False,False,False,1,22
"### | 4711 - 
",000,False,000,False,False,False,1,33
"### | 4712 - 
",000,False,000,False,False,False,1,13
"### | 4713 - 
",000,False,000,False,False,False,1,43
"### | 4714 - 
",000,False,000,False,False,False,1,47
"### | 4715 - 
",000,False,000,False,False,False,1,26
"### | 4716 - 
",000,False,000,False,False,False,1,35
"### | 4717 - 
",000,False,000,False,False,False,1,24
"### | 4718 - 
",000,False,000,False,False,False,1,63
"### | 4719 - 
",000,False,000,False,False,False,1,17
"### | 4720 - 
",000,False,000,False,False,False,1,19
"### | 4721 - 
",000,False,000,False,False,False,1,32
"### | 4722 - 
",000,False,000,False,False,False,1,63
"### | 4723 - 
",000,False,000,False,False,False,1,76
"### | 4724 - 
",000,False,000,False,False,False,1,56
"### | 4725 - 
",000,False,000,False,False,False,1,44
"### | 4726 - 
",000,False,000,False,False,False,1,56
"### | 4727 - 
",000,False,000,False,False,False,1,23
"### | 4728 - 
",000,False,000,False,False,False,1,96
"### | 4729 - 
",000,False,000,False,False,False,1,27
"### | 4730 - 
",000,False,000,False,False,False,1,227
"### | 4731 - 
",000,False,000,False,False,False,1,18
"### | 4732 - 
",000,False,000,False,False,False,1,31
"### | 4733 - 
",000,False,000,False,False,False,1,60
"### | 4734 - 
",000,False,000,False,False,False,1,42
"### | 4735 - 
",000,False,000,False,False,False,1,51
"### | 4736 - 
",000,False,000,False,False,False,1,38
"### | 4737 - 
",000,False,000,False,False,False,1,28
"### | 4738 - 
",000,False,000,False,False,False,1,79
"### | 4739 - 
",000,False,000,False,False,False,1,42
"### | 4740 - 
",000,False,000,False,False,False,1,64
"### | 4741 - 
",000,False,000,False,False,False,1,87
"### | 4742 - 
",000,False,000,False,False,False,1,48
"### | 4743 - 
",000,False,000,False,False,False,1,32
"### | 4744 - 
",000,False,000,False,False,False,1,123
"### | 4745 - 
",000,False,000,False,False,False,1,23
"### | 4746 - 
",000,False,000,False,False,False,1,26
"### | 4747 - 
",000,False,000,False,False,False,1,74
"### | 4748 - 
",000,False,000,False,False,False,1,59
"### | 4749 - 
",000,False,000,False,False,False,1,27
"### | 4750 - 
",000,False,000,False,False,False,1,71
"### | 4751 - 
",000,False,000,False,False,False,1,67
"### | 4752 - 
",000,False,000,False,False,False,1,52
"### | 4753 - 
",000,False,000,False,False,False,1,59
"### | 4754 - 
",000,False,000,False,False,False,1,103
"### | 4755 - 
",000,False,000,False,False,False,1,49
"### | 4756 - 
",000,False,000,False,False,False,1,19
"### | 4757 - 
",000,False,000,False,False,False,1,72
"### | 4758 - 
",000,False,000,False,False,False,1,96
"### | 4759 - 
",000,False,000,False,False,False,1,52
"### | 4760 - 
",000,False,000,False,False,False,1,64
"### | 4761 - 
",000,False,000,False,False,False,1,45
"### | 4762 - 
",000,False,000,False,False,False,1,29
"### | 4763 - 
",000,False,000,False,False,False,1,72
"### | 4764 - 
",000,False,000,False,False,False,1,69
"### | 4765 - 
",000,False,000,False,False,False,1,23
"### | 4766 - 
",000,False,000,False,False,False,1,92
"### | 4767 - 
",000,False,000,False,False,False,1,123
"### | 4768 - 
",000,False,000,False,False,False,1,73
"### | 4769 - 
",000,False,000,False,False,False,1,61
"### | 4770 - 
",000,False,000,False,False,False,1,218
"### | 4771 - 
",000,False,000,False,False,False,1,57
"### | 4772 - 
",000,False,000,False,False,False,1,97
"### | 4773 - 
",000,False,000,False,False,False,1,81
"### | 4774 - 
",000,False,000,False,False,False,1,59
"### | 4775 - 
",000,False,000,False,False,False,1,31
"### | 4776 - 
",000,False,000,False,False,False,1,85
"### | 4777 - 
",000,False,000,False,False,False,1,27
"### | 4778 - 
",000,False,000,False,False,False,1,64
"### | 4779 - 
",000,False,000,False,False,False,1,37
"### | 4780 - 
",000,False,000,False,False,False,1,86
"### | 4781 - 
",000,False,000,False,False,False,1,113
"### | 4782 - 
",000,False,000,False,False,False,1,55
"### | 4783 - 
",000,False,000,False,False,False,1,46
"### | 4784 - 
",000,False,000,False,False,False,1,31
"### | 4785 - 
",000,False,000,False,False,False,1,35
"### | 4786 - 
",000,False,000,False,False,False,1,154
"### | 4787 - 
",000,False,000,False,False,False,1,38
"### | 4788 - 
",000,False,000,False,False,False,1,54
"### | 4789 - 
",000,False,000,False,False,False,1,56
"### | 4790 - 
",000,False,000,False,False,False,1,137
"### | 4791 - 
",000,False,000,False,False,False,1,52
"### | 4792 - 
",000,False,000,False,False,False,1,117
"### | 4793 - 
",000,False,000,False,False,False,1,66
"### | 4794 - 
",000,False,000,False,False,False,1,27
"### | 4795 - 
",000,False,000,False,False,False,1,59
"### | 4796 - 
",000,False,000,False,False,False,1,45
"### | 4797 - 
",000,False,000,False,False,False,1,45
"### | 4798 - 
",000,False,000,False,False,False,1,141
"### | 4799 - 
",000,False,000,False,False,False,1,44
"### | 4800 - 
",000,False,000,False,False,False,1,22
"### | 4801 - 
",000,False,000,False,False,False,1,36
"### | 4802 - 
",000,False,000,False,False,False,1,35
"### | 4803 - 
",000,False,000,False,False,False,1,92
"### | 4804 - 
",000,False,000,False,False,False,1,46
"### | 4805 - 
",000,False,000,False,False,False,1,59
"### | 4806 - 
",000,False,000,False,False,False,1,42
"### | 4807 - 
",000,False,000,False,False,False,1,45
"### | 4808 - 
",000,False,000,False,False,False,1,172
"### | 4809 - 
",000,False,000,False,False,False,1,65
"### | 4810 - 
",000,False,000,False,False,False,1,45
"### | 4811 - 
",000,False,000,False,False,False,1,53
"### | 4812 - 
",000,False,000,False,False,False,1,39
"### | 4813 - 
",000,False,000,False,False,False,1,33
"### | 4814 - 
",000,False,000,False,False,False,1,131
"### | 4815 - 
",000,False,000,False,False,False,1,95
"### | 4816 - 
",000,False,000,False,False,False,1,37
"### | 4817 - 
",000,False,000,False,False,False,1,47
"### | 4818 - 
",000,False,000,False,False,False,1,133
"### | 4819 - 
",000,False,000,False,False,False,1,42
"### | 4820 - 
",000,False,000,False,False,False,1,29
"### | 4821 - 
",000,False,000,False,False,False,1,22
"### | 4822 - 
",000,False,000,False,False,False,1,57
"### | 4823 - 
",000,False,000,False,False,False,1,31
"### | 4824 - 
",000,False,000,False,False,False,1,97
"### | 4825 - 
",000,False,000,False,False,False,1,29
"### | 4826 - 
",000,False,000,False,False,False,1,89
"### | 4827 - 
",000,False,000,False,False,False,1,33
"### | 4828 - 
",000,False,000,False,False,False,1,29
"### | 4829 - 
",000,False,000,False,False,False,1,27
"### | 4830 - 
",000,False,000,False,False,False,1,89
"### | 4831 - 
",000,False,000,False,False,False,1,50
"### | 4832 - 
",000,False,000,False,False,False,1,32
"### | 4833 - 
",000,False,000,False,False,False,1,42
"### | 4834 - 
",000,False,000,False,False,False,1,40
"### | 4835 - 
",000,False,000,False,False,False,1,39
"### | 4836 - 
",000,False,000,False,False,False,1,39
"### | 4837 - 
",000,False,000,False,False,False,1,38
"### | 4838 - 
",000,False,000,False,False,False,1,29
"### | 4839 - 
",000,False,000,False,False,False,1,52
"### | 4840 - 
",000,False,000,False,False,False,1,26
"### | 4841 - 
",000,False,000,False,False,False,1,36
"### | 4842 - 
",000,False,000,False,False,False,1,60
"### | 4843 - 
",000,False,000,False,False,False,1,43
"### | 4844 - 
",000,False,000,False,False,False,1,29
"### | 4845 - 
",000,False,000,False,False,False,1,67
"### | 4846 - 
",000,False,000,False,False,False,1,24
"### | 4847 - 
",000,False,000,False,False,False,1,60
"### | 4848 - 
",000,False,000,False,False,False,1,185
"### | 4849 - 
",000,False,000,False,False,False,1,52
"### | 4850 - 
",000,False,000,False,False,False,1,45
"### | 4851 - 
",000,False,000,False,False,False,1,92
"### | 4852 - 
",000,False,000,False,False,False,1,112
"### | 4853 - 
",000,False,000,False,False,False,1,117
"### | 4854 - 
",000,False,000,False,False,False,1,71
"### | 4855 - 
",000,False,000,False,False,False,1,23
"### | 4856 - 
",000,False,000,False,False,False,1,59
"### | 4857 - 
",000,False,000,False,False,False,1,36
"### | 4858 - 
",000,False,000,False,False,False,1,59
"### | 4859 - 
",000,False,000,False,False,False,1,55
"### | 4860 - 
",000,False,000,False,False,False,1,52
"### | 4861 - 
",000,False,000,False,False,False,1,57
"### | 4862 - 
",000,False,000,False,False,False,1,53
"### | 4863 - 
",000,False,000,False,False,False,1,131
"### | 4864 - 
",000,False,000,False,False,False,1,54
"### | 4865 - 
",000,False,000,False,False,False,1,59
"### | 4866 - 
",000,False,000,False,False,False,1,41
"### | 4867 - 
",000,False,000,False,False,False,1,36
"### | 4868 - 
",000,False,000,False,False,False,1,26
"### | 4869 - 
",000,False,000,False,False,False,1,84
"### | 4870 - 
",000,False,000,False,False,False,1,66
"### | 4871 - 
",000,False,000,False,False,False,1,51
"### | 4872 - 
",000,False,000,False,False,False,1,85
"### | 4873 - 
",000,False,000,False,False,False,1,96
"### | 4874 - 
",000,False,000,False,False,False,1,75
"### | 4875 - 
",000,False,000,False,False,False,1,82
"### | 4876 - 
",000,False,000,False,False,False,1,47
"### | 4877 - 
",000,False,000,False,False,False,1,148
"### | 4878 - 
",000,False,000,False,False,False,1,78
"### | 4879 - 
",000,False,000,False,False,False,1,198
"### | 4880 - 
",000,False,000,False,False,False,1,64
"### | 4881 - 
",000,False,000,False,False,False,1,68
"### | 4882 - 
",000,False,000,False,False,False,1,93
"### | 4883 - 
",000,False,000,False,False,False,1,76
"### | 4884 - 
",000,False,000,False,False,False,1,46
"### | 4885 - 
",000,False,000,False,False,False,1,57
"### | 4886 - 
",000,False,000,False,False,False,1,61
"### | 4887 - 
",000,False,000,False,False,False,1,48
"### | 4888 - 
",000,False,000,False,False,False,1,98
"### | 4889 - 
",000,False,000,False,False,False,1,60
"### | 4890 - 
",000,False,000,False,False,False,1,87
"### | 4891 - 
",000,False,000,False,False,False,1,28
"### | 4892 - 
",000,False,000,False,False,False,1,25
"### | 4893 - 
",000,False,000,False,False,False,1,64
"### | 4894 - 
",000,False,000,False,False,False,1,29
"### | 4895 - 
",000,False,000,False,False,False,1,60
"### | 4896 - 
",000,False,000,False,False,False,1,34
"### | 4897 - 
",000,False,000,False,False,False,1,51
"### | 4898 - 
",000,False,000,False,False,False,1,39
"### | 4899 - 
",000,False,000,False,False,False,1,42
"### | 4900 - 
",000,False,000,False,False,False,1,63
"### | 4901 - 
",000,False,000,False,False,False,1,83
"### | 4902 - 
",000,False,000,False,False,False,1,22
"### | 4903 - 
",000,False,000,False,False,False,1,81
"### | 4904 - 
",000,False,000,False,False,False,1,27
"### | 4905 - 
",000,False,000,False,False,False,1,92
"### | 4906 - 
",000,False,000,False,False,False,1,64
"### | 4907 - 
",000,False,000,False,False,False,1,57
"### | 4908 - 
",000,False,000,False,False,False,1,41
"### | 4909 - 
",000,False,000,False,False,False,1,64
"### | 4910 - 
",000,False,000,False,False,False,1,156
"### | 4911 - 
",000,False,000,False,False,False,1,26
"### | 4912 - 
",000,False,000,False,False,False,1,184
"### | 4913 - 
",000,False,000,False,False,False,1,88
"### | 4914 - 
",000,False,000,False,False,False,1,38
"### | 4915 - 
",000,False,000,False,False,False,1,78
"### | 4916 - 
",000,False,000,False,False,False,1,43
"### | 4917 - 
",000,False,000,False,False,False,1,42
"### | 4918 - 
",000,False,000,False,False,False,1,44
"### | 4919 - 
",000,False,000,False,False,False,1,57
"### | 4920 - 
",000,False,000,False,False,False,1,89
"### | 4921 - 
",000,False,000,False,False,False,1,93
"### | 4922 - 
",000,False,000,False,False,False,1,37
"### | 4923 - 
",000,False,000,False,False,False,1,66
"### | 4924 - 
",000,False,000,False,False,False,1,43
"### | 4925 - 
",000,False,000,False,False,False,1,57
"### | 4926 - 
",000,False,000,False,False,False,1,78
"### | 4927 - 
",000,False,000,False,False,False,1,48
"### | 4928 - 
",000,False,000,False,False,False,1,184
"### | 4929 - 
",000,False,000,False,False,False,1,96
"### | 4930 - 
",000,False,000,False,False,False,1,64
"### | 4931 - 
",000,False,000,False,False,False,1,73
"### | 4932 - 
",000,False,000,False,False,False,1,60
"### | 4933 - 
",000,False,000,False,False,False,1,182
"### | 4934 - 
",000,False,000,False,False,False,1,105
"### | 4935 - 
",000,False,000,False,False,False,1,42
"### | 4936 - 
",000,False,000,False,False,False,1,75
"### | 4937 - 
",000,False,000,False,False,False,1,41
"### | 4938 - 
",000,False,000,False,False,False,1,48
"### | 4939 - 
",000,False,000,False,False,False,1,32
"### | 4940 - 
",000,False,000,False,False,False,1,30
"### | 4941 - 
",000,False,000,False,False,False,1,89
"### | 4942 - 
",000,False,000,False,False,False,1,41
"### | 4943 - 
",000,False,000,False,False,False,1,49
"### | 4944 - 
",000,False,000,False,False,False,1,102
"### | 4945 - 
",000,False,000,False,False,False,1,80
"### | 4946 - 
",000,False,000,False,False,False,1,106
"### | 4947 - 
",000,False,000,False,False,False,1,66
"### | 4948 - 
",000,False,000,False,False,False,1,38
"### | 4949 - 
",000,False,000,False,False,False,1,34
"### | 4950 - 
",000,False,000,False,False,False,1,20
"### | 4951 - 
",000,False,000,False,False,False,1,16
"### | 4952 - 
",000,False,000,False,False,False,1,61
"### | 4953 - 
",000,False,000,False,False,False,1,152
"### | 4954 - 
",000,False,000,False,False,False,1,147
"### | 4955 - 
",000,False,000,False,False,False,1,28
"### | 4956 - 
",000,False,000,False,False,False,1,55
"### | 4957 - 
",000,False,000,False,False,False,1,32
"### | 4958 - 
",000,False,000,False,False,False,1,43
"### | 4959 - 
",000,False,000,False,False,False,1,45
"### | 4960 - 
",000,False,000,False,False,False,1,45
"### | 4961 - 
",000,False,000,False,False,False,1,30
"### | 4962 - 
",000,False,000,False,False,False,1,157
"### | 4963 - 
",000,False,000,False,False,False,1,67
"### | 4964 - 
",000,False,000,False,False,False,1,40
"### | 4965 - 
",000,False,000,False,False,False,1,53
"### | 4966 - 
",000,False,000,False,False,False,1,64
"### | 4967 - 
",000,False,000,False,False,False,1,35
"### | 4968 - 
",000,False,000,False,False,False,1,96
"### | 4969 - 
",000,False,000,False,False,False,1,93
"### | 4970 - 
",000,False,000,False,False,False,1,152
"### | 4971 - 
",000,False,000,False,False,False,1,38
"### | 4972 - 
",000,False,000,False,False,False,1,56
"### | 4973 - 
",000,False,000,False,False,False,1,70
"### | 4974 - 
",000,False,000,False,False,False,1,45
"### | 4975 - 
",000,False,000,False,False,False,1,81
"### | 4976 - 
",000,False,000,False,False,False,1,61
"### | 4977 - 
",000,False,000,False,False,False,1,55
"### | 4978 - 
",000,False,000,False,False,False,1,141
"### | 4979 - 
",000,False,000,False,False,False,1,47
"### | 4980 - 
",000,False,000,False,False,False,1,38
"### | 4981 - 
",000,False,000,False,False,False,1,73
"### | 4982 - 
",000,False,000,False,False,False,1,119
"### | 4983 - 
",000,False,000,False,False,False,1,48
"### | 4984 - 
",000,False,000,False,False,False,1,90
"### | 4985 - 
",000,False,000,False,False,False,1,37
"### | 4986 - 
",000,False,000,False,False,False,1,81
"### | 4987 - 
",000,False,000,False,False,False,1,147
"### | 4988 - 
",000,False,000,False,False,False,1,127
"### | 4989 - 
",000,False,000,False,False,False,1,29
"### | 4990 - 
",000,False,000,False,False,False,1,95
"### | 4991 - 
",000,False,000,False,False,False,1,48
"### | 4992 - 
",000,False,000,False,False,False,1,67
"### | 4993 - 
",000,False,000,False,False,False,1,57
"### | 4994 - 
",000,False,000,False,False,False,1,100
"### | 4995 - 
",000,False,000,False,False,False,1,65
"### | 4996 - 
",000,False,000,False,False,False,1,157
"### | 4997 - 
",000,False,000,False,False,False,1,112
"### | 4998 - 
",000,False,000,False,False,False,1,81
"### | 4999 - 
",000,False,000,False,False,False,1,84
"### | 5000 - 
",000,False,000,False,False,False,1,121
"### | 5001 - 
",000,False,000,False,False,False,1,42
"### | 5002 - 
",000,False,000,False,False,False,1,34
"### | 5003 - 
",000,False,000,False,False,False,1,69
"### | 5004 - 
",000,False,000,False,False,False,1,25
"### | 5005 - 
",000,False,000,False,False,False,1,36
"### | 5006 - 
",000,False,000,False,False,False,1,27
"### | 5007 - 
",000,False,000,False,False,False,1,20
"### | 5008 - 
",000,False,000,False,False,False,1,91
"### | 5009 - 
",000,False,000,False,False,False,1,32
"### | 5010 - 
",000,False,000,False,False,False,1,45
"### | 5011 - 
",000,False,000,False,False,False,1,95
"### | 5012 - 
",000,False,000,False,False,False,1,70
"### | 5013 - 
",000,False,000,False,False,False,1,98
"### | 5014 - 
",000,False,000,False,False,False,1,33
"### | 5015 - 
",000,False,000,False,False,False,1,116
"### | 5016 - 
",000,False,000,False,False,False,1,34
"### | 5017 - 
",000,False,000,False,False,False,1,59
"### | 5018 - 
",000,False,000,False,False,False,1,48
"### | 5019 - 
",000,False,000,False,False,False,1,45
"### | 5020 - 
",000,False,000,False,False,False,1,280
"### | 5021 - 
",000,False,000,False,False,False,1,104
"### | 5022 - 
",000,False,000,False,False,False,1,100
"### | 5023 - 
",000,False,000,False,False,False,1,86
"### | 5024 - 
",000,False,000,False,False,False,1,175
"### | 5025 - 
",000,False,000,False,False,False,1,32
"### | 5026 - 
",000,False,000,False,False,False,1,19
"### | 5027 - 
",000,False,000,False,False,False,1,52
"### | 5028 - 
",000,False,000,False,False,False,1,43
"### | 5029 - 
",000,False,000,False,False,False,1,72
"### | 5030 - 
",000,False,000,False,False,False,1,19
"### | 5031 - 
",000,False,000,False,False,False,1,60
"### | 5032 - 
",000,False,000,False,False,False,1,84
"### | 5033 - 
",000,False,000,False,False,False,1,74
"### | 5034 - 
",000,False,000,False,False,False,1,36
"### | 5035 - 
",000,False,000,False,False,False,1,39
"### | 5036 - 
",000,False,000,False,False,False,1,78
"### | 5037 - 
",000,False,000,False,False,False,1,78
"### | 5038 - 
",000,False,000,False,False,False,1,71
"### | 5039 - 
",000,False,000,False,False,False,1,85
"### | 5040 - 
",000,False,000,False,False,False,1,57
"### | 5041 - 
",000,False,000,False,False,False,1,72
"### | 5042 - 
",000,False,000,False,False,False,1,74
"### | 5543 - 
",000,False,000,False,False,False,1,52
"### | 5044 - 
",000,False,000,False,False,False,1,104
"### | 5045 - 
",000,False,000,False,False,False,1,28
"### | 5046 - 
",000,False,000,False,False,False,1,32
"### | 5047 - 
",000,False,000,False,False,False,1,40
"### | 5048 - 
",000,False,000,False,False,False,1,46
"### | 5049 - 
",000,False,000,False,False,False,1,80
"### | 5050 - 
",000,False,000,False,False,False,1,29
"### | 5051 - 
",000,False,000,False,False,False,1,39
"### | 5052 - 
",000,False,000,False,False,False,1,49
"### | 5053 - 
",000,False,000,False,False,False,1,65
"### | 5054 - 
",000,False,000,False,False,False,1,54
"### | 5055 - 
",000,False,000,False,False,False,1,145
"### | 5056 - 
",000,False,000,False,False,False,1,39
"### | 5057 - 
",000,False,000,False,False,False,1,58
"### | 5058 - 
",000,False,000,False,False,False,1,62
"### | 5059 - 
",000,False,000,False,False,False,1,63
"### | 5060 - 
",000,False,000,False,False,False,1,40
"### | 5061 - 
",000,False,000,False,False,False,1,46
"### | 5062 - 
",000,False,000,False,False,False,1,110
"### | 5063 - 
",000,False,000,False,False,False,1,87
"### | 5064 - 
",000,False,000,False,False,False,1,83
"### | 5065 - 
",000,False,000,False,False,False,1,55
"### | 5066 - 
",000,False,000,False,False,False,1,31
"### | 5067 - 
",000,False,000,False,False,False,1,40
"### | 5068 - 
",000,False,000,False,False,False,1,20
"### | 5069 - 
",000,False,000,False,False,False,1,57
"### | 5070 - 
",000,False,000,False,False,False,1,85
"### | 5071 - 
",000,False,000,False,False,False,1,66
"### | 5072 - 
",000,False,000,False,False,False,1,197
"### | 5073 - 
",000,False,000,False,False,False,1,28
"### | 5074 - 
",000,False,000,False,False,False,1,90
"### | 5075 - 
",000,False,000,False,False,False,1,76
"### | 5076 - 
",000,False,000,False,False,False,1,26
"### | 5077 - 
",000,False,000,False,False,False,1,287
"### | 5078 - 
",000,False,000,False,False,False,1,75
"### | 4079 - 
",000,False,000,False,False,False,1,269
"### | 5080 - 
",000,False,000,False,False,False,1,261
"### | 5081 - 
",000,False,000,False,False,False,1,111
"### | 5082 - 
",000,False,000,False,False,False,1,63
"### | 5083 - 
",000,False,000,False,False,False,1,298
"### | 5084 - 
",000,False,000,False,False,False,1,85
"### | 5085 - 
",000,False,000,False,False,False,1,91
"### | 5086 - 
",000,False,000,False,False,False,1,37
"### | 5087 - 
",000,False,000,False,False,False,1,40
"### | 5088 - 
",000,False,000,False,False,False,1,63
"### | 5089 - 
",000,False,000,False,False,False,1,35
"### | 5090 - 
",000,False,000,False,False,False,1,42
"### | 5091 - 
",000,False,000,False,False,False,1,44
"### | 5092 - 
",000,False,000,False,False,False,1,62
"### | 5093 - 
",000,False,000,False,False,False,1,64
"### | 5094 - 
",000,False,000,False,False,False,1,65
"### | 5095 - 
",000,False,000,False,False,False,1,76
"### | 5096 - 
",000,False,000,False,False,False,1,61
"### | 5097 - 
",000,False,000,False,False,False,1,89
"### | 5098 - 
",000,False,000,False,False,False,1,38
"### | 5099 - 
",000,False,000,False,False,False,1,83
"### | 5100 - 
",000,False,000,False,False,False,1,105
"### | 5101 - 
",000,False,000,False,False,False,1,43
"### | 5102 - 
",000,False,000,False,False,False,1,85
"### | 5103 - 
",000,False,000,False,False,False,1,51
"### | 5104 - 
",000,False,000,False,False,False,1,22
"### | 5105 - 
",000,False,000,False,False,False,1,78
"### | 5106 - 
",000,False,000,False,False,False,1,31
"### | 5107 - 
",000,False,000,False,False,False,1,46
"### | 5108 - 
",000,False,000,False,False,False,1,27
"### | 5109 - 
",000,False,000,False,False,False,1,29
"### | 5110 - 
",000,False,000,False,False,False,1,109
"### | 5111 - 
",000,False,000,False,False,False,1,104
"### | 5112 - 
",000,False,000,False,False,False,1,98
"### | 5113 - 
",000,False,000,False,False,False,1,333
"### | 5114 - 
",000,False,000,False,False,False,1,144
"### | 5115 - 
",000,False,000,False,False,False,1,58
"### | 5116 - 
",000,False,000,False,False,False,1,70
"### | 5117 - 
",000,False,000,False,False,False,1,63
"### | 5118 - 
",000,False,000,False,False,False,1,58
"### | 5119 - 
",000,False,000,False,False,False,1,58
"### | 5120 - 
",000,False,000,False,False,False,1,92
"### | 5121 - 
",000,False,000,False,False,False,1,70
"### | 5122 - 
",000,False,000,False,False,False,1,51
"### | 5123 - 
",000,False,000,False,False,False,1,83
"### | 5124 - 
",000,False,000,False,False,False,1,56
"### | 5125 - 
",000,False,000,False,False,False,1,45
"### | 5126 - 
",000,False,000,False,False,False,1,26
"### | 5127 - 
",000,False,000,False,False,False,1,69
"### | 5128 - 
",000,False,000,False,False,False,1,131
"### | 5129 - 
",000,False,000,False,False,False,1,28
"### | 5130 - 
",000,False,000,False,False,False,1,36
"### | 5131 - 
",000,False,000,False,False,False,1,88
"### | 5132 - 
",000,False,000,False,False,False,1,92
"### | 5133 - 
",000,False,000,False,False,False,1,73
"### | 5134 - 
",000,False,000,False,False,False,1,36
"### | 5135 - 
",000,False,000,False,False,False,1,84
"### | 5136 - 
",000,False,000,False,False,False,1,68
"### | 5137 - 
",000,False,000,False,False,False,1,76
"### | 5138 - 
",000,False,000,False,False,False,1,28
"### | 5139 - 
",000,False,000,False,False,False,1,24
"### | 5140 - 
",000,False,000,False,False,False,1,49
"### | 5141 - 
",000,False,000,False,False,False,1,40
"### | 5142 - 
",000,False,000,False,False,False,1,79
"### | 5143 - 
",000,False,000,False,False,False,1,53
"### | 5144 - 
",000,False,000,False,False,False,1,164
"### | 5145 - 
",000,False,000,False,False,False,1,50
"### | 5146 - 
",000,False,000,False,False,False,1,44
"### | 5147 - 
",000,False,000,False,False,False,1,25
"### | 5148 - 
",000,False,000,False,False,False,1,63
"### | 5149 - 
",000,False,000,False,False,False,1,85
"### | 5150 - 
",000,False,000,False,False,False,1,29
"### | 5151 - 
",000,False,000,False,False,False,1,146
"### | 5152 - 
",000,False,000,False,False,False,1,191
"### | 5153 - 
",000,False,000,False,False,False,1,130
"### | 5154 - 
",000,False,000,False,False,False,1,26
"### | 5155 - 
",000,False,000,False,False,False,1,36
"### | 5156 - 
",000,False,000,False,False,False,1,173
"### | 5157 - 
",000,False,000,False,False,False,1,61
"### | 5158 - 
",000,False,000,False,False,False,1,65
"### | 5159 - 
",000,False,000,False,False,False,1,25
"### | 5160 - 
",000,False,000,False,False,False,1,20
"### | 5161 - 
",000,False,000,False,False,False,1,164
"### | 5162 - 
",000,False,000,False,False,False,1,63
"### | 106 - 
",000,False,000,False,False,False,1,2
"### | 
",000,False,000,False,False,False,1,0
"### | باب 
",000,False,000,False,False,False,1,3
"### | 5163 - 
",000,False,000,False,False,False,1,63
"### | 5164 - 
",000,False,000,False,False,False,1,36
"### | 5165 - 
",000,False,000,False,False,False,1,31
"### | 5166 - 
",000,False,000,False,False,False,1,29
"### | 5167 - 
",000,False,000,False,False,False,1,36
"### | 5168 - 
",000,False,000,False,False,False,1,62
"### | 5169 - 
",000,False,000,False,False,False,1,52
"### | 5170 - 
",000,False,000,False,False,False,1,54
"### | 5171 - 
",000,False,000,False,False,False,1,87
"### | 5172 - 
",000,False,000,False,False,False,1,37
"### | 5173 - 
",000,False,000,False,False,False,1,226
"### | 5174 - 
",000,False,000,False,False,False,1,159
"### | 5175 - 
",000,False,000,False,False,False,1,90
"### | 5176 - 
",000,False,000,False,False,False,1,28
"### | 5177 - 
",000,False,000,False,False,False,1,166
"### | 5178 - 
",000,False,000,False,False,False,1,73
"### | 5179 - 
",000,False,000,False,False,False,1,27
"### | 5185 - 
",000,False,000,False,False,False,1,55
"### | 5181 - 
",000,False,000,False,False,False,1,95
"### | 5182 - 
",000,False,000,False,False,False,1,33
"### | 113 - 
",000,False,000,False,False,False,1,2
"### | 
",000,False,000,False,False,False,1,0
"### | باب 
",000,False,000,False,False,False,1,7
"### | 5183 - 
",000,False,000,False,False,False,1,42
"### | 5184 - 
",000,False,000,False,False,False,1,119
"### | 5185 - 
",000,False,000,False,False,False,1,263
"### | 5186 - 
",000,False,000,False,False,False,1,71
"### | 5187 - 
",000,False,000,False,False,False,1,51
"### | 5188 - 
",000,False,000,False,False,False,1,38
"### | 5189 - 
",000,False,000,False,False,False,1,59
"### | 5190 - 
",000,False,000,False,False,False,1,31
"### | 5191 - 
",000,False,000,False,False,False,1,19
"### | 5192 - 
",000,False,000,False,False,False,1,43
"### | 5193 - 
",000,False,000,False,False,False,1,41
"### | 5194 - 
",000,False,000,False,False,False,1,112
"### | 5195 - 
",000,False,000,False,False,False,1,139
"### | 5196 - 
",000,False,000,False,False,False,1,80
"### | 5197 - 
",000,False,000,False,False,False,1,336
"### | 5198 - 
",000,False,000,False,False,False,1,62
"### | 5199 - 
",000,False,000,False,False,False,1,38
"### | 5200 - 
",000,False,000,False,False,False,1,63
"### | 5201 - 
",000,False,000,False,False,False,1,36
"### | 5202 - 
",000,False,000,False,False,False,1,102
"### | 5203 - 
",000,False,000,False,False,False,1,25
"### | 5204 - 
",000,False,000,False,False,False,1,41
"### | 5205 - 
",000,False,000,False,False,False,1,78
"### | 5260 - 
",000,False,000,False,False,False,1,54
"### | 5207 - 
",000,False,000,False,False,False,1,20
"### | 5208 - 
",000,False,000,False,False,False,1,52
"### | باب هدية أهل الكتاب
",000,False,000,False,False,False,1,12
"### | 5209 - 
",000,False,000,False,False,False,1,110
"### | 5210 - 
",000,False,000,False,False,False,1,148
"### | 5211 - 
",000,False,000,False,False,False,1,39
"### | 5212 - 
",000,False,000,False,False,False,1,32
"### | 5213 - 
",000,False,000,False,False,False,1,67
"### | 5214 - 
",000,False,000,False,False,False,1,51
"### | 5215 - 
",000,False,000,False,False,False,1,72
"### | 5216 - 
",000,False,000,False,False,False,1,35
"### | 5217 - 
",000,False,000,False,False,False,1,46
"### | 5218 - 
",000,False,000,False,False,False,1,71
"### | 5219 - 
",000,False,000,False,False,False,1,90
"### | 5220 - 
",000,False,000,False,False,False,1,81
"### | 5221 - 
",000,False,000,False,False,False,1,75
"### | 5222 - 
",000,False,000,False,False,False,1,52
"### | 5223 - 
",000,False,000,False,False,False,1,65
"### | 5224 - 
",000,False,000,False,False,False,1,44
"### | 5225 - 
",000,False,000,False,False,False,1,33
"### | 5226 - 
",000,False,000,False,False,False,1,30
"### | 5227 - 
",000,False,000,False,False,False,1,50
"### | 5228 - 
",000,False,000,False,False,False,1,164
"### | 125 - 
",000,False,000,False,False,False,1,2
"### | 
",000,False,000,False,False,False,1,0
"### | باب 
",000,False,000,False,False,False,1,5
"### | 5229 - 
",000,False,000,False,False,False,1,63
"### | 5230 - 
",000,False,000,False,False,False,1,64
"### | 126 - 
",000,False,000,False,False,False,1,3
"### | 5231 - 
",000,False,000,False,False,False,1,71
"### | 5232 - 
",000,False,000,False,False,False,1,80
"### | 5233 - 
",000,False,000,False,False,False,1,51
"### | 5234 - 
",000,False,000,False,False,False,1,68
"### | 5235 - 
",000,False,000,False,False,False,1,37
"### | 5236 - 
",000,False,000,False,False,False,1,17
"### | 5237 - 
",000,False,000,False,False,False,1,17
"### | 5238 - 
",000,False,000,False,False,False,1,47
"### | 5239 - 
",000,False,000,False,False,False,1,35
"### | 5240 - 
",000,False,000,False,False,False,1,44
"### | 5241 - 
",000,False,000,False,False,False,1,25
"### | 5242 - 
",000,False,000,False,False,False,1,22
"### | 5243 - 
",000,False,000,False,False,False,1,78
"### | 5244 - 
",000,False,000,False,False,False,1,31
"### | 5245 - 
",000,False,000,False,False,False,1,33
"### | 5246 - 
",000,False,000,False,False,False,1,22
"### | 5247 - 
",000,False,000,False,False,False,1,38
"### | 5248 - 
",000,False,000,False,False,False,1,49
"### | 5249 - 
",000,False,000,False,False,False,1,65
"### | 5250 - 
",000,False,000,False,False,False,1,49
"### | 5251 - 
",000,False,000,False,False,False,1,137
"### | كتاب الوصايا
",000,False,000,False,False,False,1,4
"### | 5252 - 
",000,False,000,False,False,False,1,64
"### | 5253 - 
",000,False,000,False,False,False,1,468
"### | 5254 - 
",000,False,000,False,False,False,1,31
"### | 5255 - 
",000,False,000,False,False,False,1,59
"### | 5256 - 
",000,False,000,False,False,False,1,50
"### | 5257 - 
",000,False,000,False,False,False,1,47
"### | 5258 - 
",000,False,000,False,False,False,1,102
"### | 5259 - 
",000,False,000,False,False,False,1,37
"### | 5260 - 
",000,False,000,False,False,False,1,38
"### | 5261 - 
",000,False,000,False,False,False,1,104
"### | 5262 - 
",000,False,000,False,False,False,1,53
"### | 5263 - 
",000,False,000,False,False,False,1,40
"### | 5264 - 
",000,False,000,False,False,False,1,24
"### | 5260 - 
",000,False,000,False,False,False,1,17
"### | 5266 - 
",000,False,000,False,False,False,1,82
"### | 5267 - 
",000,False,000,False,False,False,1,35
"### | 5268 - 
",000,False,000,False,False,False,1,42
"### | 5269 - 
",000,False,000,False,False,False,1,142
"### | 5270 - 
",000,False,000,False,False,False,1,32
"### | 5271 - 
",000,False,000,False,False,False,1,34
"### | 5272 - 
",000,False,000,False,False,False,1,46
"### | 5273 - 
",000,False,000,False,False,False,1,60
"### | 5274 - 
",000,False,000,False,False,False,1,45
"### | 5275 - 
",000,False,000,False,False,False,1,30
"### | 5276 - 
",000,False,000,False,False,False,1,45
"### | 5277 - 
",000,False,000,False,False,False,1,58
"### | 5278 - 
",000,False,000,False,False,False,1,47
"### | 5279 - 
",000,False,000,False,False,False,1,165
"### | 5280 - 
",000,False,000,False,False,False,1,40
"### | 5281 - 
",000,False,000,False,False,False,1,70
"### | 5282 - 
",000,False,000,False,False,False,1,48
"### | 5283 - 
",000,False,000,False,False,False,1,81
"### | 5284 - 
",000,False,000,False,False,False,1,96
"### | 5285 - 
",000,False,000,False,False,False,1,75
"### | 5286 - 
",000,False,000,False,False,False,1,32
"### | 5287 - 
",000,False,000,False,False,False,1,85
"### | 5288 - 
",000,False,000,False,False,False,1,49
"### | 5289 - 
",000,False,000,False,False,False,1,51
"### | 5290 - 
",000,False,000,False,False,False,1,46
"### | 5291 - 
",000,False,000,False,False,False,1,39
"### | 5292 - 
",000,False,000,False,False,False,1,73
"### | 5293 - 
",000,False,000,False,False,False,1,42
"### | 5294 - 
",000,False,000,False,False,False,1,45
"### | 5295 - 
",000,False,000,False,False,False,1,41
"### | 5296 - 
",000,False,000,False,False,False,1,57
"### | 5297 - 
",000,False,000,False,False,False,1,35
"### | 5298 - 
",000,False,000,False,False,False,1,113
"### | 5299 - 
",000,False,000,False,False,False,1,91
"### | 5300 - 
",000,False,000,False,False,False,1,66
"### | كتاب الفرائض
",000,False,000,False,False,False,1,12
"### | 5301 - 
",000,False,000,False,False,False,1,38
"### | 5302 - 
",000,False,000,False,False,False,1,54
"### | 5303 - 
",000,False,000,False,False,False,1,76
"### | 5304 - 
",000,False,000,False,False,False,1,53
"### | 2 - 
",000,False,000,False,False,False,1,2
"### | 
",000,False,000,False,False,False,1,0
"### | باب
",000,False,000,False,False,False,1,1
"### | 5305 - 
",000,False,000,False,False,False,1,126
"### | 5306 - 
",000,False,000,False,False,False,1,38
"### | 5307 - 
",000,False,000,False,False,False,1,27
"### | 5308 - 
",000,False,000,False,False,False,1,34
"### | 5309 - 
",000,False,000,False,False,False,1,52
"### | 5310 - 
",000,False,000,False,False,False,1,46
"### | 5311 - 
",000,False,000,False,False,False,1,38
"### | 5312 - 
",000,False,000,False,False,False,1,75
"### | 5313 - 
",000,False,000,False,False,False,1,75
"### | 5314 - 
",000,False,000,False,False,False,1,35
"### | 5315 - 
",000,False,000,False,False,False,1,40
"### | 5316 - 
",000,False,000,False,False,False,1,41
"### | 5317 - 
",000,False,000,False,False,False,1,129
"### | 5318 - 
",000,False,000,False,False,False,1,74
"### | 5319 - 
",000,False,000,False,False,False,1,65
"### | 5320 - 
",000,False,000,False,False,False,1,25
"### | 3 - 
",000,False,000,False,False,False,1,3
"### | 5321 - 
",000,False,000,False,False,False,1,79
"### | 5322 - 
",000,False,000,False,False,False,1,47
"### | 5323 - 
",000,False,000,False,False,False,1,42
"### | 5324 - 
",000,False,000,False,False,False,1,78
"### | 5325 - 
",000,False,000,False,False,False,1,66
"### | 5326 - 
",000,False,000,False,False,False,1,97
"### | 5327 - 
",000,False,000,False,False,False,1,41
"### | 5328 - 
",000,False,000,False,False,False,1,154
"### | 5329 - 
",000,False,000,False,False,False,1,55
"### | 5330 - 
",000,False,000,False,False,False,1,42
"### | 5331 - 
",000,False,000,False,False,False,1,76
"### | 5 - 
",000,False,000,False,False,False,1,2
"### | 
",000,False,000,False,False,False,1,0
"### | باب 
",000,False,000,False,False,False,1,5
"### | 5332 - 
",000,False,000,False,False,False,1,89
"### | 5333 - 
",000,False,000,False,False,False,1,74
"### | 5334 - 
",000,False,000,False,False,False,1,34
"### | 6 - 
",000,False,000,False,False,False,1,2
"### | 
",000,False,000,False,False,False,1,0
"### | باب
",000,False,000,False,False,False,1,1
"### | 5335 - 
",000,False,000,False,False,False,1,52
"### | 5336 - 
",000,False,000,False,False,False,1,78
"### | 7 - 
",000,False,000,False,False,False,1,2
"### | 
",000,False,000,False,False,False,1,0
"### | 
",000,False,000,False,False,False,1,0
"### | باب
",000,False,000,False,False,False,1,1
"### | 5337 - 
",000,False,000,False,False,False,1,63
"### | 8 - 
",000,False,000,False,False,False,1,3
"### | 5338 - 
",000,False,000,False,False,False,1,37
"### | 5339 - 
",000,False,000,False,False,False,1,97
"### | 5340 - 
",000,False,000,False,False,False,1,26
"### | 9 - 
",000,False,000,False,False,False,1,2
"### | 
",000,False,000,False,False,False,1,0
"### | باب
",000,False,000,False,False,False,1,1
"### | 5341 - 
",000,False,000,False,False,False,1,40
"### | 5342 - 
",000,False,000,False,False,False,1,56
"### | 10 - 
",000,False,000,False,False,False,1,2
"### | 
",000,False,000,False,False,False,1,0
"### | باب
",000,False,000,False,False,False,1,1
"### | 5343 - 
",000,False,000,False,False,False,1,20
"### | 5344 - 
",000,False,000,False,False,False,1,41
"### | 5345 - 
",000,False,000,False,False,False,1,19
"### | 5346 - 
",000,False,000,False,False,False,1,35
"### | 5347 - 
",000,False,000,False,False,False,1,38
"### | 5348 - 
",000,False,000,False,False,False,1,119
"### | 11 - 
",000,False,000,False,False,False,1,2
"### | 
",000,False,000,False,False,False,1,0
"### | 
",000,False,000,False,False,False,1,0
"### | باب
",000,False,000,False,False,False,1,1
"### | 5349 - 
",000,False,000,False,False,False,1,22
"### | 5350 - 
",000,False,000,False,False,False,1,47
"### | 12 - 
",000,False,000,False,False,False,1,3
"### | 5351 - 
",000,False,000,False,False,False,1,54
"### | 13 - 
",000,False,000,False,False,False,1,2
"### | 
",000,False,000,False,False,False,1,0
"### | باب
",000,False,000,False,False,False,1,1
"### | 5352 - 
",000,False,000,False,False,False,1,46
"### | 5353 - 
",000,False,000,False,False,False,1,39
"### | 5354 - 
",000,False,000,False,False,False,1,17
"### | 14 - 
",000,False,000,False,False,False,1,2
"### | 
",000,False,000,False,False,False,1,0
"### | باب
",000,False,000,False,False,False,1,1
"### | 5355 - 
",000,False,000,False,False,False,1,58
"### | 5356 - 
",000,False,000,False,False,False,1,68
"### | 5357 - 
",000,False,000,False,False,False,1,30
"### | 5358 - 
",000,False,000,False,False,False,1,30
"### | 5359 - 
",000,False,000,False,False,False,1,36
"### | 5360 - 
",000,False,000,False,False,False,1,33
"### | 15 - 
",000,False,000,False,False,False,1,2
"### | 
",000,False,000,False,False,False,1,0
"### | باب
",000,False,000,False,False,False,1,1
"### | 5361 - 
",000,False,000,False,False,False,1,72
"### | 16 - 
",000,False,000,False,False,False,1,2
"### | 
",000,False,000,False,False,False,1,0
"### | باب
",000,False,000,False,False,False,1,1
"### | 5362 - 
",000,False,000,False,False,False,1,51
"### | 17 - 
",000,False,000,False,False,False,1,2
"### | 
",000,False,000,False,False,False,1,0
"### | باب
",000,False,000,False,False,False,1,1
"### | 5363 - 
",000,False,000,False,False,False,1,69
"### | 5364 - 
",000,False,000,False,False,False,1,34
"### | 5365 - 
",000,False,000,False,False,False,1,33
"### | 5366 - 
",000,False,000,False,False,False,1,64
"### | 5367 - 
",000,False,000,False,False,False,1,62
"### | 18 - 
",000,False,000,False,False,False,1,2
"### | 
",000,False,000,False,False,False,1,0
"### | باب
",000,False,000,False,False,False,1,1
"### | 5368 - 
",000,False,000,False,False,False,1,21
"### | 5369 - 
",000,False,000,False,False,False,1,39
"### | 5370 - 
",000,False,000,False,False,False,1,107
"### | 5371 - 
",000,False,000,False,False,False,1,107
"### | 5372 - 
",000,False,000,False,False,False,1,20
"### | 5373 - 
",000,False,000,False,False,False,1,101
"### | كتاب العتق
",000,False,000,False,False,False,1,8
"### | 5374 - 
",000,False,000,False,False,False,1,90
"### | 5375 - 
",000,False,000,False,False,False,1,72
"### | 5376 - 
",000,False,000,False,False,False,1,85
"### | 5377 - 
",000,False,000,False,False,False,1,88
"### | 5378 - 
",000,False,000,False,False,False,1,78
"### | 5379 - 
",000,False,000,False,False,False,1,37
"### | 5380 - 
",000,False,000,False,False,False,1,30
"### | 5381 - 
",000,False,000,False,False,False,1,26
"### | 5382 - 
",000,False,000,False,False,False,1,71
"### | 5383 - 
",000,False,000,False,False,False,1,63
"### | 5384 - 
",000,False,000,False,False,False,1,38
"### | 5385 - 
",000,False,000,False,False,False,1,41
"### | 5386 - 
",000,False,000,False,False,False,1,51
"### | 5387 - 
",000,False,000,False,False,False,1,53
"### | 5388 - 
",000,False,000,False,False,False,1,58
"### | 5389 - 
",000,False,000,False,False,False,1,45
"### | 5390 - 
",000,False,000,False,False,False,1,175
"### | 5391 - 
",000,False,000,False,False,False,1,48
"### | 5392 - 
",000,False,000,False,False,False,1,43
"### | 5393 - 
",000,False,000,False,False,False,1,94
"### | 5394 - 
",000,False,000,False,False,False,1,45
"### | 5395 - 
",000,False,000,False,False,False,1,56
"### | 5396 - 
",000,False,000,False,False,False,1,42
"### | 5397 - 
",000,False,000,False,False,False,1,57
"### | 5398 - 
",000,False,000,False,False,False,1,44
"### | 5399 - 
",000,False,000,False,False,False,1,63
"### | 5400 - 
",000,False,000,False,False,False,1,57
"### | 5401 - 
",000,False,000,False,False,False,1,176
"### | 5402 - 
",000,False,000,False,False,False,1,20
"### | 5403 - 
",000,False,000,False,False,False,1,195
"### | 5404 - 
",000,False,000,False,False,False,1,75
"### | 5405 - 
",000,False,000,False,False,False,1,66
"### | 5406 - 
",000,False,000,False,False,False,1,65
"### | 5407 - 
",000,False,000,False,False,False,1,39
"### | 5408 - 
",000,False,000,False,False,False,1,59
"### | 5409 - 
",000,False,000,False,False,False,1,78
"### | 5410 - 
",000,False,000,False,False,False,1,81
"### | 5411 - 
",000,False,000,False,False,False,1,26
"### | 5412 - 
",000,False,000,False,False,False,1,38
"### | 5413 - 
",000,False,000,False,False,False,1,44
"### | 5414 - 
",000,False,000,False,False,False,1,79
"### | 4 - 
",000,False,000,False,False,False,1,153
"### | 5416 - 
",000,False,000,False,False,False,1,180
"### | 5417 - 
",000,False,000,False,False,False,1,41
"### | 5418 - 
",000,False,000,False,False,False,1,55
"### | 5419 - 
",000,False,000,False,False,False,1,60
"### | 5420 - 
",000,False,000,False,False,False,1,42
"### | 5421 - 
",000,False,000,False,False,False,1,58
"### | 5422 - 
",000,False,000,False,False,False,1,49
"### | 5423 - 
",000,False,000,False,False,False,1,56
"### | 5424 - 
",000,False,000,False,False,False,1,33
"### | 5425 - 
",000,False,000,False,False,False,1,229
"### | 5426 - 
",000,False,000,False,False,False,1,55
"### | 5427 - 
",000,False,000,False,False,False,1,50
"### | 5428 - 
",000,False,000,False,False,False,1,66
"### | 5429 - 
",000,False,000,False,False,False,1,99
"### | 5430 - 
",000,False,000,False,False,False,1,37
"### | 5431 - 
",000,False,000,False,False,False,1,40
"### | 5432 - 
",000,False,000,False,False,False,1,69
"### | 5433 - 
",000,False,000,False,False,False,1,35
"### | 5434 - 
",000,False,000,False,False,False,1,51
"### | 5435 - 
",000,False,000,False,False,False,1,28
"### | 5436 - 
",000,False,000,False,False,False,1,35
"### | 5437 - 
",000,False,000,False,False,False,1,48
"### | 5438 - 
",000,False,000,False,False,False,1,47
"### | 5439 - 
",000,False,000,False,False,False,1,51
"### | كتاب النكاح
",000,False,000,False,False,False,1,12
"### | 5440 - 
",000,False,000,False,False,False,1,156
"### | 5441 - 
",000,False,000,False,False,False,1,68
"### | 5442 - 
",000,False,000,False,False,False,1,29
"### | 5443 - 
",000,False,000,False,False,False,1,100
"### | 5444 - 
",000,False,000,False,False,False,1,24
"### | 5445 - 
",000,False,000,False,False,False,1,66
"### | 5446 - 
",000,False,000,False,False,False,1,70
"### | 5447 - 
",000,False,000,False,False,False,1,30
"### | 5448 - 
",000,False,000,False,False,False,1,40
"### | 5449 - 
",000,False,000,False,False,False,1,43
"### | 5450 - 
",000,False,000,False,False,False,1,39
"### | 5451 - 
",000,False,000,False,False,False,1,50
"### | 5452 - 
",000,False,000,False,False,False,1,30
"### | 5453 - 
",000,False,000,False,False,False,1,46
"### | 5454 - 
",000,False,000,False,False,False,1,31
"### | 5455 - 
",000,False,000,False,False,False,1,34
"### | 5456 - 
",000,False,000,False,False,False,1,25
"### | 5457 - 
",000,False,000,False,False,False,1,24
"### | 5458 - 
",000,False,000,False,False,False,1,84
"### | 5459 - 
",000,False,000,False,False,False,1,39
"### | 5460 - 
",000,False,000,False,False,False,1,68
"### | 5461 - 
",000,False,000,False,False,False,1,57
"### | 5462 - 
",000,False,000,False,False,False,1,110
"### | 5463 - 
",000,False,000,False,False,False,1,155
"### | 5464 - 
",000,False,000,False,False,False,1,52
"### | 5465 - 
",000,False,000,False,False,False,1,59
"### | 5466 - 
",000,False,000,False,False,False,1,81
"### | 5467 - 
",000,False,000,False,False,False,1,43
"### | 5468 - 
",000,False,000,False,False,False,1,84
"### | 5469 - 
",000,False,000,False,False,False,1,31
"### | 5470 - 
",000,False,000,False,False,False,1,75
"### | 5471 - 
",000,False,000,False,False,False,1,101
"### | 5472 - 
",000,False,000,False,False,False,1,93
"### | 5473 - 
",000,False,000,False,False,False,1,60
"### | 5474 - 
",000,False,000,False,False,False,1,51
"### | 5475 - 
",000,False,000,False,False,False,1,43
"### | 5476 - 
",000,False,000,False,False,False,1,79
"### | 5477 - 
",000,False,000,False,False,False,1,101
"### | 5478 - 
",000,False,000,False,False,False,1,30
"### | 5479 - 
",000,False,000,False,False,False,1,34
"### | 5480 - 
",000,False,000,False,False,False,1,84
"### | 5481 - 
",000,False,000,False,False,False,1,66
"### | 5482 - 
",000,False,000,False,False,False,1,25
"### | 5483 - 
",000,False,000,False,False,False,1,43
"### | 5484 - 
",000,False,000,False,False,False,1,23
"### | 5485 - 
",000,False,000,False,False,False,1,40
"### | 5486 - 
",000,False,000,False,False,False,1,105
"### | 5487 - 
",000,False,000,False,False,False,1,23
"### | 5488 - 
",000,False,000,False,False,False,1,68
"### | 5489 - 
",000,False,000,False,False,False,1,104
"### | 5490 - 
",000,False,000,False,False,False,1,60
"### | 5491 - 
",000,False,000,False,False,False,1,70
"### | 5492 - 
",000,False,000,False,False,False,1,52
"### | 5493 - 
",000,False,000,False,False,False,1,63
"### | 5494 - 
",000,False,000,False,False,False,1,69
"### | 5495 - 
",000,False,000,False,False,False,1,37
"### | 5496 - 
",000,False,000,False,False,False,1,75
"### | 5497 - 
",000,False,000,False,False,False,1,79
"### | 5498 - 
",000,False,000,False,False,False,1,219
"### | 5499 - 
",000,False,000,False,False,False,1,56
"### | 5500 - 
",000,False,000,False,False,False,1,166
"### | 5501 - 
",000,False,000,False,False,False,1,44
"### | 5502 - 
",000,False,000,False,False,False,1,63
"### | 5503 - 
",000,False,000,False,False,False,1,48
"### | 5504 - 
",000,False,000,False,False,False,1,109
"### | 5505 - 
",000,False,000,False,False,False,1,29
"### | 5506 - 
",000,False,000,False,False,False,1,34
"### | 5507 - 
",000,False,000,False,False,False,1,200
"### | 5508 - 
",000,False,000,False,False,False,1,35
"### | 5509 - 
",000,False,000,False,False,False,1,51
"### | 5510 - 
",000,False,000,False,False,False,1,195
"### | 5511 - 
",000,False,000,False,False,False,1,61
"### | 5512 - 
",000,False,000,False,False,False,1,65
"### | 5513 - 
",000,False,000,False,False,False,1,35
"### | 5514 - 
",000,False,000,False,False,False,1,50
"### | 5515 - 
",000,False,000,False,False,False,1,43
"### | 5516 - 
",000,False,000,False,False,False,1,30
"### | 5517 - 
",000,False,000,False,False,False,1,44
"### | 5518 - 
",000,False,000,False,False,False,1,49
"### | 5519 - 
",000,False,000,False,False,False,1,38
"### | 5520 - 
",000,False,000,False,False,False,1,30
"### | 5521 - 
",000,False,000,False,False,False,1,37
"### | 5522 - 
",000,False,000,False,False,False,1,37
"### | 5523 - 
",000,False,000,False,False,False,1,58
"### | 5524 - 
",000,False,000,False,False,False,1,76
"### | 5525 - 
",000,False,000,False,False,False,1,29
"### | 5526 - 
",000,False,000,False,False,False,1,92
"### | 5527 - 
",000,False,000,False,False,False,1,52
"### | 5528 - 
",000,False,000,False,False,False,1,31
"### | 5529 - 
",000,False,000,False,False,False,1,67
"### | 5530 - 
",000,False,000,False,False,False,1,28
"### | 5531 - 
",000,False,000,False,False,False,1,60
"### | 5532 - 
",000,False,000,False,False,False,1,176
"### | 5533 - 
",000,False,000,False,False,False,1,33
"### | 5534 - 
",000,False,000,False,False,False,1,67
"### | 5535 - 
",000,False,000,False,False,False,1,82
"### | 5536 - 
",000,False,000,False,False,False,1,123
"### | 5537 - 
",000,False,000,False,False,False,1,46
"### | 5538 - 
",000,False,000,False,False,False,1,74
"### | 5539 - 
",000,False,000,False,False,False,1,64
"### | 5540 - 
",000,False,000,False,False,False,1,23
"### | 5541 - 
",000,False,000,False,False,False,1,22
"### | 5542 - 
",000,False,000,False,False,False,1,49
"### | 5543 - 
",000,False,000,False,False,False,1,213
"### | 5544 - 
",000,False,000,False,False,False,1,31
"### | 5545 - 
",000,False,000,False,False,False,1,38
"### | 5546 - 
",000,False,000,False,False,False,1,50
"### | 5547 - 
",000,False,000,False,False,False,1,42
"### | 5548 - 
",000,False,000,False,False,False,1,54
"### | 5549 - 
",000,False,000,False,False,False,1,76
"### | 5550 - 
",000,False,000,False,False,False,1,77
"### | 5551 - 
",000,False,000,False,False,False,1,51
"### | 5552 - 
",000,False,000,False,False,False,1,54
"### | 5553 - 
",000,False,000,False,False,False,1,19
"### | 5554 - 
",000,False,000,False,False,False,1,66
"### | 5555 - 
",000,False,000,False,False,False,1,23
"### | 5556 - 
",000,False,000,False,False,False,1,32
"### | 5557 - 
",000,False,000,False,False,False,1,119
"### | 5558 - 
",000,False,000,False,False,False,1,64
"### | 5559 - 
",000,False,000,False,False,False,1,33
"### | 5560 - 
",000,False,000,False,False,False,1,26
"### | 5561 - 
",000,False,000,False,False,False,1,307
"### | 5562 - 
",000,False,000,False,False,False,1,62
"### | 5563 - 
",000,False,000,False,False,False,1,22
"### | 5564 - 
",000,False,000,False,False,False,1,86
"### | 5565 - 
",000,False,000,False,False,False,1,38
"### | 5566 - 
",000,False,000,False,False,False,1,19
"### | 5567 - 
",000,False,000,False,False,False,1,66
"### | 5568 - 
",000,False,000,False,False,False,1,39
"### | 5569 - 
",000,False,000,False,False,False,1,70
"### | 5570 - 
",000,False,000,False,False,False,1,97
"### | 5571 - 
",000,False,000,False,False,False,1,29
"### | 5572 - 
",000,False,000,False,False,False,1,21
"### | 5573 - 
",000,False,000,False,False,False,1,61
"### | 5574 - 
",000,False,000,False,False,False,1,24
"### | 5575 - 
",000,False,000,False,False,False,1,51
"### | 5576 - 
",000,False,000,False,False,False,1,34
"### | 5577 - 
",000,False,000,False,False,False,1,64
"### | 5578 - 
",000,False,000,False,False,False,1,32
"### | 5579 - 
",000,False,000,False,False,False,1,73
"### | 5580 - 
",000,False,000,False,False,False,1,27
"### | 5581 - 
",000,False,000,False,False,False,1,80
"### | 5582 - 
",000,False,000,False,False,False,1,75
"### | 5583 - 
",000,False,000,False,False,False,1,26
"### | 5584 - 
",000,False,000,False,False,False,1,67
"### | 5585 - 
",000,False,000,False,False,False,1,35
"### | 5586 - 
",000,False,000,False,False,False,1,67
"### | 5587 - 
",000,False,000,False,False,False,1,48
"### | 5588 - 
",000,False,000,False,False,False,1,109
"### | 5589 - 
",000,False,000,False,False,False,1,73
"### | 5590 - 
",000,False,000,False,False,False,1,62
"### | 5591 - 
",000,False,000,False,False,False,1,93
"### | 5592 - 
",000,False,000,False,False,False,1,22
"### | 5593 - 
",000,False,000,False,False,False,1,38
"### | 5594 - 
",000,False,000,False,False,False,1,42
"### | 5595 - 
",000,False,000,False,False,False,1,75
"### | 5596 - 
",000,False,000,False,False,False,1,56
"### | 5597 - 
",000,False,000,False,False,False,1,92
"### | 5598 - 
",000,False,000,False,False,False,1,50
"### | 5599 - 
",000,False,000,False,False,False,1,24
"### | 5600 - 
",000,False,000,False,False,False,1,30
"### | 5601 - 
",000,False,000,False,False,False,1,52
"### | 5602 - 
",000,False,000,False,False,False,1,39
"### | 5603 - 
",000,False,000,False,False,False,1,138
"### | 5604 - 
",000,False,000,False,False,False,1,18
"### | 5605 - 
",000,False,000,False,False,False,1,118
"### | 5606 - 
",000,False,000,False,False,False,1,36
"### | 5607 - 
",000,False,000,False,False,False,1,47
"### | 5608 - 
",000,False,000,False,False,False,1,116
"### | 5609 - 
",000,False,000,False,False,False,1,98
"### | 5610 - 
",000,False,000,False,False,False,1,70
"### | 5611 - 
",000,False,000,False,False,False,1,69
"### | 5612 - 
",000,False,000,False,False,False,1,69
"### | 5613 - 
",000,False,000,False,False,False,1,110
"### | 5614 - 
",000,False,000,False,False,False,1,102
"### | 5615 - 
",000,False,000,False,False,False,1,229
"### | 5616 - 
",000,False,000,False,False,False,1,107
"### | 5617 - 
",000,False,000,False,False,False,1,65
"### | 5618 - 
",000,False,000,False,False,False,1,59
"### | 5619 - 
",000,False,000,False,False,False,1,79
"### | 5620 - 
",000,False,000,False,False,False,1,55
"### | 5621 - 
",000,False,000,False,False,False,1,23
"### | 5622 - 
",000,False,000,False,False,False,1,201
"### | 5623 - 
",000,False,000,False,False,False,1,57
"### | 5624 - 
",000,False,000,False,False,False,1,66
"### | 5625 - 
",000,False,000,False,False,False,1,84
"### | 5626 - 
",000,False,000,False,False,False,1,27
"### | 5627 - 
",000,False,000,False,False,False,1,55
"### | 5628 - 
",000,False,000,False,False,False,1,28
"### | 5629 - 
",000,False,000,False,False,False,1,34
"### | 5630 - 
",000,False,000,False,False,False,1,42
"### | 5631 - 
",000,False,000,False,False,False,1,38
"### | 5632 - 
",000,False,000,False,False,False,1,66
"### | 5633 - 
",000,False,000,False,False,False,1,67
"### | 5634 - 
",000,False,000,False,False,False,1,95
"### | 5635 - 
",000,False,000,False,False,False,1,138
"### | 5636 - 
",000,False,000,False,False,False,1,42
"### | 5637 - 
",000,False,000,False,False,False,1,32
"### | 5638 - 
",000,False,000,False,False,False,1,66
"### | 5639 - 
",000,False,000,False,False,False,1,33
"### | 5640 - 
",000,False,000,False,False,False,1,70
"### | 5641 - 
",000,False,000,False,False,False,1,24
"### | 5642 - 
",000,False,000,False,False,False,1,23
"### | 5643 - 
",000,False,000,False,False,False,1,120
"### | 5644 - 
",000,False,000,False,False,False,1,198
"### | 5645 - 
",000,False,000,False,False,False,1,295
"### | 5646 - 
",000,False,000,False,False,False,1,83
"### | 5647 - 
",000,False,000,False,False,False,1,26
"### | 5648 - 
",000,False,000,False,False,False,1,35
"### | 5649 - 
",000,False,000,False,False,False,1,54
"### | 5650 - 
",000,False,000,False,False,False,1,57
"### | 5651 - 
",000,False,000,False,False,False,1,175
"### | 5652 - 
",000,False,000,False,False,False,1,26
"### | 5653 - 
",000,False,000,False,False,False,1,34
"### | 5654 - 
",000,False,000,False,False,False,1,31
"### | 5655 - 
",000,False,000,False,False,False,1,25
"### | 5656 - 
",000,False,000,False,False,False,1,78
"### | 5657 - 
",000,False,000,False,False,False,1,36
"### | 5658 - 
",000,False,000,False,False,False,1,125
"### | 5659 - 
",000,False,000,False,False,False,1,67
"### | 5660 - 
",000,False,000,False,False,False,1,63
"### | 5661 - 
",000,False,000,False,False,False,1,358
"### | 5662 - 
",000,False,000,False,False,False,1,73
"### | 5663 - 
",000,False,000,False,False,False,1,65
"### | 5664 - 
",000,False,000,False,False,False,1,25
"### | 5665 - 
",000,False,000,False,False,False,1,60
"### | 5666 - 
",000,False,000,False,False,False,1,40
"### | 5667 - 
",000,False,000,False,False,False,1,102
"### | 5668 - 
",000,False,000,False,False,False,1,42
"### | 5669 - 
",000,False,000,False,False,False,1,78
"### | 5670 - 
",000,False,000,False,False,False,1,57
"### | 5671 - 
",000,False,000,False,False,False,1,38
"### | 5672 - 
",000,False,000,False,False,False,1,67
"### | 5673 - 
",000,False,000,False,False,False,1,52
"### | 5674 - 
",000,False,000,False,False,False,1,26
"### | 5675 - 
",000,False,000,False,False,False,1,24
"### | 5676 - 
",000,False,000,False,False,False,1,29
"### | 5677 - 
",000,False,000,False,False,False,1,47
"### | 5678 - 
",000,False,000,False,False,False,1,29
"### | 5679 - 
",000,False,000,False,False,False,1,52
"### | 5680 - 
",000,False,000,False,False,False,1,43
"### | 5681 - 
",000,False,000,False,False,False,1,45
"### | 5682 - 
",000,False,000,False,False,False,1,86
"### | 5683 - 
",000,False,000,False,False,False,1,58
"### | 5684 - 
",000,False,000,False,False,False,1,76
"### | 5685 - 
",000,False,000,False,False,False,1,40
"### | 5686 - 
",000,False,000,False,False,False,1,31
"### | 5686 - 
",000,False,000,False,False,False,1,110
"### | 5688 - 
",000,False,000,False,False,False,1,137
"### | 5689 - 
",000,False,000,False,False,False,1,29
"### | 5690 - 
",000,False,000,False,False,False,1,42
"### | 5691 - 
",000,False,000,False,False,False,1,50
"### | 5692 - 
",000,False,000,False,False,False,1,117
"### | 5693 - 
",000,False,000,False,False,False,1,33
"### | 5694 - 
",000,False,000,False,False,False,1,23
"### | 5695 - 
",000,False,000,False,False,False,1,27
"### | 5696 - 
",000,False,000,False,False,False,1,19
"### | 5697 - 
",000,False,000,False,False,False,1,20
"### | 5698 - 
",000,False,000,False,False,False,1,71
"### | 5699 - 
",000,False,000,False,False,False,1,41
"### | 5700 - 
",000,False,000,False,False,False,1,58
"### | 5701 - 
",000,False,000,False,False,False,1,68
"### | 5702 - 
",000,False,000,False,False,False,1,58
"### | 5703 - 
",000,False,000,False,False,False,1,32
"### | 5704 - 
",000,False,000,False,False,False,1,46
"### | 5705 - 
",000,False,000,False,False,False,1,52
"### | 5706 - 
",000,False,000,False,False,False,1,91
"### | 5707 - 
",000,False,000,False,False,False,1,74
"### | 5708 - 
",000,False,000,False,False,False,1,46
"### | 5709 - 
",000,False,000,False,False,False,1,99
"### | 5710 - 
",000,False,000,False,False,False,1,62
"### | 5711 - 
",000,False,000,False,False,False,1,70
"### | 5712 - 
",000,False,000,False,False,False,1,82
"### | 5713 - 
",000,False,000,False,False,False,1,49
"### | 5714 - 
",000,False,000,False,False,False,1,52
"### | 5715 - 
",000,False,000,False,False,False,1,33
"### | 5716 - 
",000,False,000,False,False,False,1,289
"### | 5717 - 
",000,False,000,False,False,False,1,63
"### | 69 - 
",000,False,000,False,False,False,1,2
"### | 
",000,False,000,False,False,False,1,0
"### | باب 
",000,False,000,False,False,False,1,13
"### | 5718 - 
",000,False,000,False,False,False,1,78
"### | 5719 - 
",000,False,000,False,False,False,1,44
"### | 5720 - 
",000,False,000,False,False,False,1,38
"### | 5721 - 
",000,False,000,False,False,False,1,38
"### | 5722 - 
",000,False,000,False,False,False,1,33
"### | 5723 - 
",000,False,000,False,False,False,1,46
"### | 5724 - 
",000,False,000,False,False,False,1,102
"### | 5725 - 
",000,False,000,False,False,False,1,137
"### | 5726 - 
",000,False,000,False,False,False,1,63
"### | 5727 - 
",000,False,000,False,False,False,1,144
"### | 5728 - 
",000,False,000,False,False,False,1,37
"### | 5729 - 
",000,False,000,False,False,False,1,62
"### | 5730 - 
",000,False,000,False,False,False,1,55
"### | 5731 - 
",000,False,000,False,False,False,1,111
"### | 5732 - 
",000,False,000,False,False,False,1,57
"### | 5733 - 
",000,False,000,False,False,False,1,31
"### | 5734 - 
",000,False,000,False,False,False,1,39
"### | 5735 - 
",000,False,000,False,False,False,1,161
"### | 5736 - 
",000,False,000,False,False,False,1,55
"### | 5737 - 
",000,False,000,False,False,False,1,62
"### | 5738 - 
",000,False,000,False,False,False,1,75
"### | 5739 - 
",000,False,000,False,False,False,1,53
"### | 5740 - 
",000,False,000,False,False,False,1,68
"### | 5741 - 
",000,False,000,False,False,False,1,65
"### | 5742 - 
",000,False,000,False,False,False,1,63
"### | 5743 - 
",000,False,000,False,False,False,1,100
"### | 5744 - 
",000,False,000,False,False,False,1,37
"### | 5745 - 
",000,False,000,False,False,False,1,57
"### | 5746 - 
",000,False,000,False,False,False,1,22
"### | 75 - 
",000,False,000,False,False,False,1,2
"### | 
",000,False,000,False,False,False,1,0
"### | باب 
",000,False,000,False,False,False,1,5
"### | 5747 - 
",000,False,000,False,False,False,1,104
"### | 5748 - 
",000,False,000,False,False,False,1,27
"### | 5749 - 
",000,False,000,False,False,False,1,46
"### | 5750 - 
",000,False,000,False,False,False,1,86
"### | 5751 - 
",000,False,000,False,False,False,1,73
"### | 5752 - 
",000,False,000,False,False,False,1,61
"### | 5753 - 
",000,False,000,False,False,False,1,35
"### | 5754 - 
",000,False,000,False,False,False,1,50
"### | 5755 - 
",000,False,000,False,False,False,1,94
"### | 5756 - 
",000,False,000,False,False,False,1,49
"### | 5757 - 
",000,False,000,False,False,False,1,27
"### | 5758 - 
",000,False,000,False,False,False,1,26
"### | 5759 - 
",000,False,000,False,False,False,1,29
"### | 5760 - 
",000,False,000,False,False,False,1,72
"### | 5761 - 
",000,False,000,False,False,False,1,49
"### | كتاب الطلاق
",000,False,000,False,False,False,1,4
"### | 5762 - 
",000,False,000,False,False,False,1,32
"### | 5763 - 
",000,False,000,False,False,False,1,33
"### | 5764 - 
",000,False,000,False,False,False,1,35
"### | 5765 - 
",000,False,000,False,False,False,1,30
"### | 5766 - 
",000,False,000,False,False,False,1,30
"### | 5767 - 
",000,False,000,False,False,False,1,48
"### | 5768 - 
",000,False,000,False,False,False,1,77
"### | 5769 - 
",000,False,000,False,False,False,1,346
"### | 5770 - 
",000,False,000,False,False,False,1,115
"### | 5771 - 
",000,False,000,False,False,False,1,52
"### | 78 - 
",000,False,000,False,False,False,1,2
"### | 
",000,False,000,False,False,False,1,0
"### | باب 
",000,False,000,False,False,False,1,5
"### | 5772 - 
",000,False,000,False,False,False,1,114
"### | 5773 - 
",000,False,000,False,False,False,1,65
"### | 5774 - 
",000,False,000,False,False,False,1,114
"### | 5775 - 
",000,False,000,False,False,False,1,181
"### | 5776 - 
",000,False,000,False,False,False,1,61
"### | 5777 - 
",000,False,000,False,False,False,1,82
"### | 5778 - 
",000,False,000,False,False,False,1,131
"### | 5779 - 
",000,False,000,False,False,False,1,135
"### | 5780 - 
",000,False,000,False,False,False,1,83
"### | 5781 - 
",000,False,000,False,False,False,1,20
"### | 5782 - 
",000,False,000,False,False,False,1,26
"### | 5783 - 
",000,False,000,False,False,False,1,91
"### | 5784 - 
",000,False,000,False,False,False,1,128
"### | 5785 - 
",000,False,000,False,False,False,1,45
"### | 5786 - 
",000,False,000,False,False,False,1,63
"### | 5787 - 
",000,False,000,False,False,False,1,29
"### | 5788 - 
",000,False,000,False,False,False,1,83
"### | 5789 - 
",000,False,000,False,False,False,1,29
"### | 5790 - 
",000,False,000,False,False,False,1,58
"### | 5791 - 
",000,False,000,False,False,False,1,26
"### | 5792 - 
",000,False,000,False,False,False,1,74
"### | 5793 - 
",000,False,000,False,False,False,1,94
"### | 5794 - 
",000,False,000,False,False,False,1,450
"### | 5795 - 
",000,False,000,False,False,False,1,94
"### | 5796 - 
",000,False,000,False,False,False,1,24
"### | 5797 - 
",000,False,000,False,False,False,1,24
"### | 5798 - 
",000,False,000,False,False,False,1,30
"### | 5799 - 
",000,False,000,False,False,False,1,31
"### | 5800 - 
",000,False,000,False,False,False,1,31
"### | 5801 - 
",000,False,000,False,False,False,1,27
"### | 5802 - 
",000,False,000,False,False,False,1,103
"### | 5803 - 
",000,False,000,False,False,False,1,56
"### | 5804 - 
",000,False,000,False,False,False,1,34
"### | 5805 - 
",000,False,000,False,False,False,1,77
"### | 5806 - 
",000,False,000,False,False,False,1,98
"### | ......................... 
",000,False,000,False,False,False,1,15
"### | 5807 - 
",000,False,000,False,False,False,1,43
"### | 5808 - 
",000,False,000,False,False,False,1,56
"### | 5809 - 
",000,False,000,False,False,False,1,89
"### | 5810 - 
",000,False,000,False,False,False,1,88
"### | 5811 - 
",000,False,000,False,False,False,1,66
"### | 5812 - 
",000,False,000,False,False,False,1,46
"### | 5813 - 
",000,False,000,False,False,False,1,50
"### | 5814 - 
",000,False,000,False,False,False,1,86
"### | 5815 - 
",000,False,000,False,False,False,1,34
"### | 5816 - 
",000,False,000,False,False,False,1,40
"### | 5817 - 
",000,False,000,False,False,False,1,106
"### | 5818 - 
",000,False,000,False,False,False,1,31
"### | 5819 - 
",000,False,000,False,False,False,1,66
"### | 5820 - 
",000,False,000,False,False,False,1,222
"### | 5821 - 
",000,False,000,False,False,False,1,32
"### | 5822 - 
",000,False,000,False,False,False,1,133
"### | 5823 - 
",000,False,000,False,False,False,1,60
"### | 5824 - 
",000,False,000,False,False,False,1,82
"### | 5825 - 
",000,False,000,False,False,False,1,62
"### | 5826 - 
",000,False,000,False,False,False,1,34
"### | 5827 - 
",000,False,000,False,False,False,1,100
"### | 5828 - 
",000,False,000,False,False,False,1,54
"### | 5829 - 
",000,False,000,False,False,False,1,38
"### | 5830 - 
",000,False,000,False,False,False,1,74
"### | 91 - 
",000,False,000,False,False,False,1,2
"### | 
",000,False,000,False,False,False,1,0
"### | باب 
",000,False,000,False,False,False,1,5
"### | 5831 - 
",000,False,000,False,False,False,1,58
"### | 5832 - 
",000,False,000,False,False,False,1,43
"### | 5833 - 
",000,False,000,False,False,False,1,119
"### | 5834 - 
",000,False,000,False,False,False,1,61
"### | 5835 - 
",000,False,000,False,False,False,1,56
"### | 5836 - 
",000,False,000,False,False,False,1,44
"### | 5837 - 
",000,False,000,False,False,False,1,84
"### | 5838 - 
",000,False,000,False,False,False,1,46
"### | 5839 - 
",000,False,000,False,False,False,1,67
"### | 5840 - 
",000,False,000,False,False,False,1,79
"### | 5841 - 
",000,False,000,False,False,False,1,54
"### | 5842 - 
",000,False,000,False,False,False,1,55
"### | 5843 - 
",000,False,000,False,False,False,1,41
"### | 5844 - 
",000,False,000,False,False,False,1,112
"### | 5845 - 
",000,False,000,False,False,False,1,49
"### | 5846 - 
",000,False,000,False,False,False,1,66
"### | 5847 - 
",000,False,000,False,False,False,1,24
"### | 5848 - 
",000,False,000,False,False,False,1,49
"### | 5849 - 
",000,False,000,False,False,False,1,45
"### | 5850 - 
",000,False,000,False,False,False,1,23
"### | 5851 - 
",000,False,000,False,False,False,1,38
"### | 5852 - 
",000,False,000,False,False,False,1,28
"### | 5853 - 
",000,False,000,False,False,False,1,49
"### | 5854 - 
",000,False,000,False,False,False,1,28
"### | 5855 - 
",000,False,000,False,False,False,1,34
"### | 5856 - 
",000,False,000,False,False,False,1,73
"### | 5857 - 
",000,False,000,False,False,False,1,345
"### | 5858 - 
",000,False,000,False,False,False,1,25
"### | 5859 - 
",000,False,000,False,False,False,1,38
"### | 5860 - 
",000,False,000,False,False,False,1,129
"### | 5861 - 
",000,False,000,False,False,False,1,14
"### | 5862 - 
",000,False,000,False,False,False,1,321
"### | 5863 - 
",000,False,000,False,False,False,1,125
"### | 5864 - 
",000,False,000,False,False,False,1,76
"### | 5865 - 
",000,False,000,False,False,False,1,37
"### | 5866 - 
",000,False,000,False,False,False,1,88
"### | كتاب اللعان
",000,False,000,False,False,False,1,4
"### | 5867 - 
",000,False,000,False,False,False,1,49
"### | 5868 - 
",000,False,000,False,False,False,1,221
"### | 5869 - 
",000,False,000,False,False,False,1,109
"### | 5870 - 
",000,False,000,False,False,False,1,60
"### | 5871 - 
",000,False,000,False,False,False,1,580
"### | 5872 - 
",000,False,000,False,False,False,1,22
"### | 5873 - 
",000,False,000,False,False,False,1,29
"### | 5874 - 
",000,False,000,False,False,False,1,153
"### | 5875 - 
",000,False,000,False,False,False,1,186
"### | 5876 - 
",000,False,000,False,False,False,1,262
"### | 5877 - 
",000,False,000,False,False,False,1,591
"### | 5878 - 
",000,False,000,False,False,False,1,34
"### | 5879 - 
",000,False,000,False,False,False,1,148
"### | 5880 - 
",000,False,000,False,False,False,1,117
"### | 5881 - 
",000,False,000,False,False,False,1,137
"### | 5882 - 
",000,False,000,False,False,False,1,42
"### | 5883 - 
",000,False,000,False,False,False,1,20
"### | 5884 - 
",000,False,000,False,False,False,1,20
"### | 5885 - 
",000,False,000,False,False,False,1,58
"### | 5886 - 
",000,False,000,False,False,False,1,61
"### | 5887 - 
",000,False,000,False,False,False,1,107
"### | 5888 - 
",000,False,000,False,False,False,1,27
"### | 5889 - 
",000,False,000,False,False,False,1,88
"### | 5890 - 
",000,False,000,False,False,False,1,91
"### | 5891 - 
",000,False,000,False,False,False,1,22
"### | 5892 - 
",000,False,000,False,False,False,1,55
"### | 5893 - 
",000,False,000,False,False,False,1,111
"### | 5894 - 
",000,False,000,False,False,False,1,37
"### | 5895 - 
",000,False,000,False,False,False,1,83
"### | 5896 - 
",000,False,000,False,False,False,1,67
"### | 5897 - 
",000,False,000,False,False,False,1,166
"### | 5898 - 
",000,False,000,False,False,False,1,94
"### | 5899 - 
",000,False,000,False,False,False,1,103
"### | 5900 - 
",000,False,000,False,False,False,1,33
"### | 5901 - 
",000,False,000,False,False,False,1,45
"### | 5902 - 
",000,False,000,False,False,False,1,68
"### | 5903 - 
",000,False,000,False,False,False,1,213
"### | 5904 - 
",000,False,000,False,False,False,1,91
"### | 5905 - 
",000,False,000,False,False,False,1,42
"### | 5906 - 
",000,False,000,False,False,False,1,51
"### | 5907 - 
",000,False,000,False,False,False,1,77
"### | 5908 - 
",000,False,000,False,False,False,1,189
"### | 5909 - 
",000,False,000,False,False,False,1,26
"### | 5910 - 
",000,False,000,False,False,False,1,75
"### | 5911 - 
",000,False,000,False,False,False,1,60
"### | 5912 - 
",000,False,000,False,False,False,1,152
"### | 5913 - 
",000,False,000,False,False,False,1,45
"### | 5914 - 
",000,False,000,False,False,False,1,57
"### | 5915 - 
",000,False,000,False,False,False,1,28
"### | 5916 - 
",000,False,000,False,False,False,1,12
"### | 5917 - 
",000,False,000,False,False,False,1,103
"### | 5918 - 
",000,False,000,False,False,False,1,57
"### | 5919 - 
",000,False,000,False,False,False,1,33
"### | 5920 - 
",000,False,000,False,False,False,1,282
"### | 5921 - 
",000,False,000,False,False,False,1,99
"### | 5922 - 
",000,False,000,False,False,False,1,72
"### | 5923 - 
",000,False,000,False,False,False,1,39
"### | 5924 - 
",000,False,000,False,False,False,1,46
"### | 5925 - 
",000,False,000,False,False,False,1,127
"### | 5926 - 
",000,False,000,False,False,False,1,39
"### | 5927 - 
",000,False,000,False,False,False,1,52
"### | 5928 - 
",000,False,000,False,False,False,1,72
"### | 5929 - 
",000,False,000,False,False,False,1,39
"### | 5930 - 
",000,False,000,False,False,False,1,73
"### | 5931 - 
",000,False,000,False,False,False,1,49
"### | 5932 - 
",000,False,000,False,False,False,1,133
"### | 5933 - 
",000,False,000,False,False,False,1,22
"### | 5934 - 
",000,False,000,False,False,False,1,63
"### | 5935 - 
",000,False,000,False,False,False,1,76
"### | 5936 - 
",000,False,000,False,False,False,1,77
"### | 5937 - 
",000,False,000,False,False,False,1,46
"### | 5938 - 
",000,False,000,False,False,False,1,42
"### | 5939 - 
",000,False,000,False,False,False,1,42
"### | 5940 - 
",000,False,000,False,False,False,1,50
"### | 5941 - 
",000,False,000,False,False,False,1,195
"### | 5942 - 
",000,False,000,False,False,False,1,149
"### | 5943 - 
",000,False,000,False,False,False,1,46
"### | 5944 - 
",000,False,000,False,False,False,1,19
"### | 5945 - 
",000,False,000,False,False,False,1,67
"### | 5946 - 
",000,False,000,False,False,False,1,20
"### | 5947 - 
",000,False,000,False,False,False,1,21
"### | 5948 - 
",000,False,000,False,False,False,1,36
"### | 5949 - 
",000,False,000,False,False,False,1,91
"### | 5950 - 
",000,False,000,False,False,False,1,130
"### | 5951 - 
",000,False,000,False,False,False,1,63
"### | 5952 - 
",000,False,000,False,False,False,1,41
"### | 5953 - 
",000,False,000,False,False,False,1,38
"### | 5954 - 
",000,False,000,False,False,False,1,39
"### | 5955 - 
",000,False,000,False,False,False,1,75
"### | 5956 - 
",000,False,000,False,False,False,1,19
"### | 5957 - 
",000,False,000,False,False,False,1,40
"### | 5958 - 
",000,False,000,False,False,False,1,145
"### | 5959 - 
",000,False,000,False,False,False,1,38
"### | 5960 - 
",000,False,000,False,False,False,1,116
"### | 5961 - 
",000,False,000,False,False,False,1,43
"### | كتاب النفقات
",000,False,000,False,False,False,1,10
"### | 5962 - 
",000,False,000,False,False,False,1,51
"### | 5963 - 
",000,False,000,False,False,False,1,55
"### | 5964 - 
",000,False,000,False,False,False,1,77
"### | 5965 - 
",000,False,000,False,False,False,1,70
"### | 5966 - 
",000,False,000,False,False,False,1,54
"### | 5967 - 
",000,False,000,False,False,False,1,33
"### | 5968 - 
",000,False,000,False,False,False,1,53
"### | 5969 - 
",000,False,000,False,False,False,1,26
"### | 5970 - 
",000,False,000,False,False,False,1,21
"### | 5971 - 
",000,False,000,False,False,False,1,53
"### | 5972 - 
",000,False,000,False,False,False,1,35
"### | 5973 - 
",000,False,000,False,False,False,1,45
"### | 5974 - 
",000,False,000,False,False,False,1,71
"### | 5975 - 
",000,False,000,False,False,False,1,79
"### | 5976 - 
",000,False,000,False,False,False,1,28
"### | 5977 - 
",000,False,000,False,False,False,1,57
"### | 5978 - 
",000,False,000,False,False,False,1,92
"### | 5979 - 
",000,False,000,False,False,False,1,37
"### | 5980 - 
",000,False,000,False,False,False,1,36
"### | 5981 - 
",000,False,000,False,False,False,1,24
"### | 5982 - 
",000,False,000,False,False,False,1,71
"### | 5983 - 
",000,False,000,False,False,False,1,42
"### | 5984 - 
",000,False,000,False,False,False,1,50
"### | 5985 - 
",000,False,000,False,False,False,1,40
"### | 5986 - 
",000,False,000,False,False,False,1,44
"### | 5987 - 
",000,False,000,False,False,False,1,32
"### | 5988 - 
",000,False,000,False,False,False,1,78
"### | 5989 - 
",000,False,000,False,False,False,1,47
"### | 5990 - 
",000,False,000,False,False,False,1,56
"### | 5991 - 
",000,False,000,False,False,False,1,64
"### | كتاب الجنايات
",000,False,000,False,False,False,1,4
"### | 5992 - 
",000,False,000,False,False,False,1,42
"### | 5993 - 
",000,False,000,False,False,False,1,36
"### | 5994 - 
",000,False,000,False,False,False,1,106
"### | 5995 - 
",000,False,000,False,False,False,1,50
"### | 5996 - 
",000,False,000,False,False,False,1,50
"### | 5997 - 
",000,False,000,False,False,False,1,42
"### | 5998 - 
",000,False,000,False,False,False,1,83
"### | 5999 - 
",000,False,000,False,False,False,1,86
"### | 6000 - 
",000,False,000,False,False,False,1,46
"### | 6001 - 
",000,False,000,False,False,False,1,38
"### | 6002 - 
",000,False,000,False,False,False,1,61
"### | 6003 - 
",000,False,000,False,False,False,1,60
"### | 6004 - 
",000,False,000,False,False,False,1,40
"### | 6005 - 
",000,False,000,False,False,False,1,55
"### | 6006 - 
",000,False,000,False,False,False,1,36
"### | 6007 - 
",000,False,000,False,False,False,1,30
"### | 6008 - 
",000,False,000,False,False,False,1,67
"### | 6009 - 
",000,False,000,False,False,False,1,51
"### | 6010 - 
",000,False,000,False,False,False,1,51
"### | 6011 - 
",000,False,000,False,False,False,1,43
"### | 6012 - 
",000,False,000,False,False,False,1,119
"### | 6013 - 
",000,False,000,False,False,False,1,45
"### | 6014 - 
",000,False,000,False,False,False,1,85
"### | 6015 - 
",000,False,000,False,False,False,1,63
"### | 6016 - 
",000,False,000,False,False,False,1,49
"### | 6017 - 
",000,False,000,False,False,False,1,51
"### | 6018 - 
",000,False,000,False,False,False,1,36
"### | 6019 - 
",000,False,000,False,False,False,1,55
"### | 6020 - 
",000,False,000,False,False,False,1,22
"### | 6021 - 
",000,False,000,False,False,False,1,28
"### | 6022 - 
",000,False,000,False,False,False,1,14
"### | 6023 - 
",000,False,000,False,False,False,1,38
"### | 6024 - 
",000,False,000,False,False,False,1,64
"### | 6025 - 
",000,False,000,False,False,False,1,45
"### | 6026 - 
",000,False,000,False,False,False,1,75
"### | 6027 - 
",000,False,000,False,False,False,1,33
"### | 6028 - 
",000,False,000,False,False,False,1,30
"### | 6029 - 
",000,False,000,False,False,False,1,86
"### | 6030 - 
",000,False,000,False,False,False,1,31
"### | 6031 - 
",000,False,000,False,False,False,1,64
"### | 6032 - 
",000,False,000,False,False,False,1,26
"### | 6033 - 
",000,False,000,False,False,False,1,31
"### | 6034 - 
",000,False,000,False,False,False,1,48
"### | 6035 - 
",000,False,000,False,False,False,1,177
"### | 6036 - 
",000,False,000,False,False,False,1,112
"### | 6037 - 
",000,False,000,False,False,False,1,65
"### | 6038 - 
",000,False,000,False,False,False,1,133
"### | 6039 - 
",000,False,000,False,False,False,1,68
"### | 6040 - 
",000,False,000,False,False,False,1,196
"### | 6041 - 
",000,False,000,False,False,False,1,145
"### | 6042 - 
",000,False,000,False,False,False,1,47
"### | 6043 - 
",000,False,000,False,False,False,1,27
"### | 6044 - 
",000,False,000,False,False,False,1,59
"### | 6045 - 
",000,False,000,False,False,False,1,92
"### | 6046 - 
",000,False,000,False,False,False,1,53
"### | 6047 - 
",000,False,000,False,False,False,1,33
"### | 6048 - 
",000,False,000,False,False,False,1,61
"### | 6049 - 
",000,False,000,False,False,False,1,85
"### | 6050 - 
",000,False,000,False,False,False,1,73
"### | 6051 - 
",000,False,000,False,False,False,1,35
"### | 6052 - 
",000,False,000,False,False,False,1,49
"### | 6053 - 
",000,False,000,False,False,False,1,49
"### | 6054 - 
",000,False,000,False,False,False,1,48
"### | 6055 - 
",000,False,000,False,False,False,1,48
"### | 6056 - 
",000,False,000,False,False,False,1,37
"### | 6057 - 
",000,False,000,False,False,False,1,34
"### | 6058 - 
",000,False,000,False,False,False,1,41
"### | 6059 - 
",000,False,000,False,False,False,1,98
"### | 6060 - 
",000,False,000,False,False,False,1,37
"### | 6061 - 
",000,False,000,False,False,False,1,32
"### | 6062 - 
",000,False,000,False,False,False,1,165
"### | 6063 - 
",000,False,000,False,False,False,1,79
"### | 6064 - 
",000,False,000,False,False,False,1,441
"### | 6065 - 
",000,False,000,False,False,False,1,84
"### | 6066 - 
",000,False,000,False,False,False,1,66
"### | 6067 - 
",000,False,000,False,False,False,1,74
"### | 6068 - 
",000,False,000,False,False,False,1,92
"### | 6069 - 
",000,False,000,False,False,False,1,121
"### | 6070 - 
",000,False,000,False,False,False,1,291
"### | 6071 - 
",000,False,000,False,False,False,1,66
"### | 6072 - 
",000,False,000,False,False,False,1,30
"### | 6073 - 
",000,False,000,False,False,False,1,547
"### | 6074 - 
",000,False,000,False,False,False,1,324
"### | 6075 - 
",000,False,000,False,False,False,1,33
"### | 6076 - 
",000,False,000,False,False,False,1,241
"### | 6077 - 
",000,False,000,False,False,False,1,137
"### | 6078 - 
",000,False,000,False,False,False,1,126
"### | 6079 - 
",000,False,000,False,False,False,1,96
"### | 6080 - 
",000,False,000,False,False,False,1,38
"### | 6081 - 
",000,False,000,False,False,False,1,39
"### | 6082 - 
",000,False,000,False,False,False,1,57
"### | 6083 - 
",000,False,000,False,False,False,1,30
"### | 6084 - 
",000,False,000,False,False,False,1,36
"### | 6085 - 
",000,False,000,False,False,False,1,38
"### | 6086 - 
",000,False,000,False,False,False,1,39
"### | 6087 - 
",000,False,000,False,False,False,1,82
"### | 6088 - 
",000,False,000,False,False,False,1,58
"### | 6089 - 
",000,False,000,False,False,False,1,98
"### | 6090 - 
",000,False,000,False,False,False,1,21
"### | 6091 - 
",000,False,000,False,False,False,1,33
"### | 6092 - 
",000,False,000,False,False,False,1,66
"### | 6093 - 
",000,False,000,False,False,False,1,107
"### | 6094 - 
",000,False,000,False,False,False,1,99
"### | 6095 - 
",000,False,000,False,False,False,1,39
"### | 6096 - 
",000,False,000,False,False,False,1,27
"### | 6097 - 
",000,False,000,False,False,False,1,41
"### | 6098 - 
",000,False,000,False,False,False,1,27
"### | 6099 - 
",000,False,000,False,False,False,1,40
"### | 6100 - 
",000,False,000,False,False,False,1,35
"### | 6101 - 
",000,False,000,False,False,False,1,70
"### | 6102 - 
",000,False,000,False,False,False,1,67
"### | 6103 - 
",000,False,000,False,False,False,1,75
"### | 6104 - 
",000,False,000,False,False,False,1,70
"### | 6105 - 
",000,False,000,False,False,False,1,40
"### | 6106 - 
",000,False,000,False,False,False,1,49
"### | 6107 - 
",000,False,000,False,False,False,1,101
"### | 6108 - 
",000,False,000,False,False,False,1,161
"### | 6109 - 
",000,False,000,False,False,False,1,87
"### | 6110 - 
",000,False,000,False,False,False,1,252
"### | 6111 - 
",000,False,000,False,False,False,1,183
"### | 6112 - 
",000,False,000,False,False,False,1,43
"### | 6113 - 
",000,False,000,False,False,False,1,21
"### | 6114 - 
",000,False,000,False,False,False,1,191
"### | 6115 - 
",000,False,000,False,False,False,1,110
"### | 6116 - 
",000,False,000,False,False,False,1,38
"### | 6117 - 
",000,False,000,False,False,False,1,34
"### | 6118 - 
",000,False,000,False,False,False,1,38
"### | 6119 - 
",000,False,000,False,False,False,1,33
"### | 6120 - 
",000,False,000,False,False,False,1,49
"### | 6121 - 
",000,False,000,False,False,False,1,37
"### | 6122 - 
",000,False,000,False,False,False,1,141
"### | 6123 - 
",000,False,000,False,False,False,1,42
"### | 6124 - 
",000,False,000,False,False,False,1,37
"### | 6125 - 
",000,False,000,False,False,False,1,82
"### | 6126 - 
",000,False,000,False,False,False,1,124
"### | 6127 - 
",000,False,000,False,False,False,1,76
"### | 6128 - 
",000,False,000,False,False,False,1,64
"### | 6129 - 
",000,False,000,False,False,False,1,87
"### | 6130 - 
",000,False,000,False,False,False,1,84
"### | 6131 - 
",000,False,000,False,False,False,1,62
"### | 6132 - 
",000,False,000,False,False,False,1,46
"### | 6133 - 
",000,False,000,False,False,False,1,202
"### | 6134 - 
",000,False,000,False,False,False,1,93
"### | 6135 - 
",000,False,000,False,False,False,1,183
"### | 6136 - 
",000,False,000,False,False,False,1,65
"### | 6137 - 
",000,False,000,False,False,False,1,146
"### | 6138 - 
",000,False,000,False,False,False,1,71
"### | 6139 - 
",000,False,000,False,False,False,1,70
"### | 6140 - 
",000,False,000,False,False,False,1,86
"### | 6141 - 
",000,False,000,False,False,False,1,61
"### | 6142 - 
",000,False,000,False,False,False,1,71
"### | 6143 - 
",000,False,000,False,False,False,1,34
"### | 6144 - 
",000,False,000,False,False,False,1,82
"### | 6145 - 
",000,False,000,False,False,False,1,51
"### | 6146 - 
",000,False,000,False,False,False,1,57
"### | 6147 - 
",000,False,000,False,False,False,1,60
"### | 6148 - 
",000,False,000,False,False,False,1,31
"### | 6149 - 
",000,False,000,False,False,False,1,65
"### | 6150 - 
",000,False,000,False,False,False,1,67
"### | 6151 - 
",000,False,000,False,False,False,1,41
"### | 6152 - 
",000,False,000,False,False,False,1,53
"### | 6153 - 
",000,False,000,False,False,False,1,121
"### | 6154 - 
",000,False,000,False,False,False,1,75
"### | 6155 - 
",000,False,000,False,False,False,1,45
"### | 6156 - 
",000,False,000,False,False,False,1,38
"### | 6157 - 
",000,False,000,False,False,False,1,70
"### | 6158 - 
",000,False,000,False,False,False,1,37
"### | 6159 - 
",000,False,000,False,False,False,1,84
"### | 6160 - 
",000,False,000,False,False,False,1,29
"### | 6161 - 
",000,False,000,False,False,False,1,33
"### | 6162 - 
",000,False,000,False,False,False,1,371
"### | 6163 - 
",000,False,000,False,False,False,1,158
"### | 6164 - 
",000,False,000,False,False,False,1,23
"### | 6165 - 
",000,False,000,False,False,False,1,25
"### | 6166 - 
",000,False,000,False,False,False,1,312
"### | 6167 - 
",000,False,000,False,False,False,1,102
"### | 6168 - 
",000,False,000,False,False,False,1,91
"### | 6169 - 
",000,False,000,False,False,False,1,69
"### | 6170 - 
",000,False,000,False,False,False,1,86
"### | 6171 - 
",000,False,000,False,False,False,1,326
"### | 6172 - 
",000,False,000,False,False,False,1,35
"### | 6173 - 
",000,False,000,False,False,False,1,42
"### | 6174 - 
",000,False,000,False,False,False,1,43
"### | 6175 - 
",000,False,000,False,False,False,1,161
"### | 6176 - 
",000,False,000,False,False,False,1,69
"### | 6177 - 
",000,False,000,False,False,False,1,69
"### | 6178 - 
",000,False,000,False,False,False,1,168
"### | 6179 - 
",000,False,000,False,False,False,1,77
"### | 6180 - 
",000,False,000,False,False,False,1,113
"### | 6181 - 
",000,False,000,False,False,False,1,98
"### | 6182 - 
",000,False,000,False,False,False,1,91
"### | 6183 - 
",000,False,000,False,False,False,1,171
"### | 6184 - 
",000,False,000,False,False,False,1,57
"### | 6185 - 
",000,False,000,False,False,False,1,33
"### | 6186 - 
",000,False,000,False,False,False,1,23
"### | 6187 - 
",000,False,000,False,False,False,1,90
"### | 6188 - 
",000,False,000,False,False,False,1,87
"### | 6189 - 
",000,False,000,False,False,False,1,41
"### | 6190 - 
",000,False,000,False,False,False,1,57
"### | 6191 - 
",000,False,000,False,False,False,1,35
"### | 6192 - 
",000,False,000,False,False,False,1,58
"### | 6193 - 
",000,False,000,False,False,False,1,32
"### | 6194 - 
",000,False,000,False,False,False,1,28
"### | 6195 - 
",000,False,000,False,False,False,1,57
"### | 6196 - 
",000,False,000,False,False,False,1,51
"### | 6197 - 
",000,False,000,False,False,False,1,98
"### | 6198 - 
",000,False,000,False,False,False,1,172
"### | 6199 - 
",000,False,000,False,False,False,1,151
"### | 6200 - 
",000,False,000,False,False,False,1,97
"### | 6201 - 
",000,False,000,False,False,False,1,85
"### | 6202 - 
",000,False,000,False,False,False,1,71
"### | 6203 - 
",000,False,000,False,False,False,1,81
"### | 6204 - 
",000,False,000,False,False,False,1,112
"### | 6205 - 
",000,False,000,False,False,False,1,62
"### | 6206 - 
",000,False,000,False,False,False,1,76
"### | 6207 - 
",000,False,000,False,False,False,1,55
"### | 6208 - 
",000,False,000,False,False,False,1,25
"### | 6209 - 
",000,False,000,False,False,False,1,43
"### | 6210 - 
",000,False,000,False,False,False,1,38
"### | 6211 - 
",000,False,000,False,False,False,1,55
"### | 6212 - 
",000,False,000,False,False,False,1,29
"### | 6213 - 
",000,False,000,False,False,False,1,41
"### | 6214 - 
",000,False,000,False,False,False,1,26
"### | 6215 - 
",000,False,000,False,False,False,1,42
"### | 6216 - 
",000,False,000,False,False,False,1,36
"### | 6217 - 
",000,False,000,False,False,False,1,28
"### | 6218 - 
",000,False,000,False,False,False,1,57
"### | 6219 - 
",000,False,000,False,False,False,1,36
"### | 6220 - 
",000,False,000,False,False,False,1,83
"### | 6221 - 
",000,False,000,False,False,False,1,69
"### | 6222 - 
",000,False,000,False,False,False,1,65
"### | 6223 - 
",000,False,000,False,False,False,1,22
"### | 6224 - 
",000,False,000,False,False,False,1,50
"### | 6225 - 
",000,False,000,False,False,False,1,113
"### | 6226 - 
",000,False,000,False,False,False,1,53
"### | 6227 - 
",000,False,000,False,False,False,1,132
"### | 6228 - 
",000,False,000,False,False,False,1,56
"### | 6229 - 
",000,False,000,False,False,False,1,65
"### | 230 - 
",000,False,000,False,False,False,1,44
"### | 6231 - 
",000,False,000,False,False,False,1,46
"### | 6232 - 
",000,False,000,False,False,False,1,60
"### | 6233 - 
",000,False,000,False,False,False,1,65
"### | 6234 - 
",000,False,000,False,False,False,1,58
"### | 6235 - 
",000,False,000,False,False,False,1,67
"### | 6236 - 
",000,False,000,False,False,False,1,76
"### | 6237 - 
",000,False,000,False,False,False,1,35
"### | 6238 - 
",000,False,000,False,False,False,1,48
"### | 6239 - 
",000,False,000,False,False,False,1,83
"### | 6240 - 
",000,False,000,False,False,False,1,368
"### | 6241 - 
",000,False,000,False,False,False,1,27
"### | 6242 - 
",000,False,000,False,False,False,1,91
"### | 6243 - 
",000,False,000,False,False,False,1,29
"### | 6244 - 
",000,False,000,False,False,False,1,51
"### | 6245 - 
",000,False,000,False,False,False,1,89
"### | 6246 - 
",000,False,000,False,False,False,1,149
"### | 6247 - 
",000,False,000,False,False,False,1,42
"### | 6248 - 
",000,False,000,False,False,False,1,112
"### | 6249 - 
",000,False,000,False,False,False,1,46
"### | 6250 - 
",000,False,000,False,False,False,1,209
"### | 6251 - 
",000,False,000,False,False,False,1,104
"### | 6252 - 
",000,False,000,False,False,False,1,66
"### | 6253 - 
",000,False,000,False,False,False,1,56
"### | 6254 - 
",000,False,000,False,False,False,1,40
"### | 6255 - 
",000,False,000,False,False,False,1,90
"### | 6256 - 
",000,False,000,False,False,False,1,79
"### | 6257 - 
",000,False,000,False,False,False,1,88
"### | 6258 - 
",000,False,000,False,False,False,1,117
"### | 6259 - 
",000,False,000,False,False,False,1,129
"### | 6260 - 
",000,False,000,False,False,False,1,121
"### | 6261 - 
",000,False,000,False,False,False,1,96
"### | 6262 - 
",000,False,000,False,False,False,1,131
"### | 6263 - 
",000,False,000,False,False,False,1,102
"### | 6264 - 
",000,False,000,False,False,False,1,59
"### | 6265 - 
",000,False,000,False,False,False,1,62
"### | 6266 - 
",000,False,000,False,False,False,1,51
"### | 6267 - 
",000,False,000,False,False,False,1,54
"### | 6268 - 
",000,False,000,False,False,False,1,73
"### | 66 - 
",000,False,000,False,False,False,1,2
"### | 
",000,False,000,False,False,False,1,0
"### | باب 
",000,False,000,False,False,False,1,7
"### | 6269 - 
",000,False,000,False,False,False,1,80
"### | 6270 - 
",000,False,000,False,False,False,1,32
"### | 67 - 
",000,False,000,False,False,False,1,3
"### | 6271 - 
",000,False,000,False,False,False,1,59
"### | 6272 - 
",000,False,000,False,False,False,1,74
"### | 6273 - 
",000,False,000,False,False,False,1,50
"### | 6274 - 
",000,False,000,False,False,False,1,26
"### | 6275 - 
",000,False,000,False,False,False,1,70
"### | 6276 - 
",000,False,000,False,False,False,1,85
"### | 6277 - 
",000,False,000,False,False,False,1,51
"### | 6278 - 
",000,False,000,False,False,False,1,34
"### | 6279 - 
",000,False,000,False,False,False,1,77
"### | 6280 - 
",000,False,000,False,False,False,1,49
"### | 6281 - 
",000,False,000,False,False,False,1,100
"### | 6282 - 
",000,False,000,False,False,False,1,68
"### | 6283 - 
",000,False,000,False,False,False,1,49
"### | 6284 - 
",000,False,000,False,False,False,1,135
"### | 6285 - 
",000,False,000,False,False,False,1,212
"### | 6286 - 
",000,False,000,False,False,False,1,48
"### | 6287 - 
",000,False,000,False,False,False,1,99
"### | 6288 - 
",000,False,000,False,False,False,1,24
"### | 71 - 
",000,False,000,False,False,False,1,2
"### | 
",000,False,000,False,False,False,1,0
"### | باب 
",000,False,000,False,False,False,1,15
"### | 6289 - 
",000,False,000,False,False,False,1,90
"### | 6290 - 
",000,False,000,False,False,False,1,115
"### | 6291 - 
",000,False,000,False,False,False,1,87
"### | 6292 - 
",000,False,000,False,False,False,1,42
"### | 6293 - 
",000,False,000,False,False,False,1,49
"### | 6294 - 
",000,False,000,False,False,False,1,39
"### | 6295 - 
",000,False,000,False,False,False,1,70
"### | 6296 - 
",000,False,000,False,False,False,1,39
"### | 6297 - 
",000,False,000,False,False,False,1,89
"### | 6298 - 
",000,False,000,False,False,False,1,97
"### | 6299 - 
",000,False,000,False,False,False,1,32
"### | 6300 - 
",000,False,000,False,False,False,1,75
"### | 6301 - 
",000,False,000,False,False,False,1,46
"### | 6302 - 
",000,False,000,False,False,False,1,36
"### | 6303 - 
",000,False,000,False,False,False,1,47
"### | 6304 - 
",000,False,000,False,False,False,1,41
"### | 6305 - 
",000,False,000,False,False,False,1,68
"### | 6306 - 
",000,False,000,False,False,False,1,76
"### | 6307 - 
",000,False,000,False,False,False,1,406
"### | 6308 - 
",000,False,000,False,False,False,1,75
"### | 6309 - 
",000,False,000,False,False,False,1,39
"### | 6310 - 
",000,False,000,False,False,False,1,64
"### | 6311 - 
",000,False,000,False,False,False,1,50
"### | 6312 - 
",000,False,000,False,False,False,1,97
"### | 6313 - 
",000,False,000,False,False,False,1,265
"### | 6314 - 
",000,False,000,False,False,False,1,58
"### | 6315 - 
",000,False,000,False,False,False,1,120
"### | 6316 - 
",000,False,000,False,False,False,1,85
"### | 6317 - 
",000,False,000,False,False,False,1,195
"### | 6318 - 
",000,False,000,False,False,False,1,387
"### | 6319 - 
",000,False,000,False,False,False,1,96
"### | 6320 - 
",000,False,000,False,False,False,1,26
"### | 6321 - 
",000,False,000,False,False,False,1,80
"### | 6322 - 
",000,False,000,False,False,False,1,91
"### | 6323 - 
",000,False,000,False,False,False,1,61
"### | 6324 - 
",000,False,000,False,False,False,1,582
"### | 6325 - 
",000,False,000,False,False,False,1,66
"### | 6326 - 
",000,False,000,False,False,False,1,152
"### | 6327 - 
",000,False,000,False,False,False,1,162
"### | 6328 - 
",000,False,000,False,False,False,1,103
"### | 6329 - 
",000,False,000,False,False,False,1,131
"### | 6330 - 
",000,False,000,False,False,False,1,49
"### | 6331 - 
",000,False,000,False,False,False,1,50
"### | 6332 - 
",000,False,000,False,False,False,1,67
"### | 6333 - 
",000,False,000,False,False,False,1,46
"### | 6334 - 
",000,False,000,False,False,False,1,77
"### | 6335 - 
",000,False,000,False,False,False,1,53
"### | 6336 - 
",000,False,000,False,False,False,1,55
"### | 6337 - 
",000,False,000,False,False,False,1,80
"### | 6338 - 
",000,False,000,False,False,False,1,83
"### | 6339 - 
",000,False,000,False,False,False,1,35
"### | 6340 - 
",000,False,000,False,False,False,1,37
"### | 6341 - 
",000,False,000,False,False,False,1,31
"### | 6342 - 
",000,False,000,False,False,False,1,60
"### | 6343 - 
",000,False,000,False,False,False,1,24
"### | 6344 - 
",000,False,000,False,False,False,1,43
"### | 6345 - 
",000,False,000,False,False,False,1,41
"### | 6346 - 
",000,False,000,False,False,False,1,135
"### | 6347 - 
",000,False,000,False,False,False,1,39
"### | 6348 - 
",000,False,000,False,False,False,1,48
"### | 6349 - 
",000,False,000,False,False,False,1,295
"### | 6350 - 
",000,False,000,False,False,False,1,79
"### | 6351 - 
",000,False,000,False,False,False,1,27
"### | 6352 - 
",000,False,000,False,False,False,1,58
"### | 6353 - 
",000,False,000,False,False,False,1,35
"### | 6354 - 
",000,False,000,False,False,False,1,77
"### | 6355 - 
",000,False,000,False,False,False,1,91
"### | 6356 - 
",000,False,000,False,False,False,1,39
"### | 6357 - 
",000,False,000,False,False,False,1,81
"### | 6358 - 
",000,False,000,False,False,False,1,100
"### | 6359 - 
",000,False,000,False,False,False,1,35
"### | 6360 - 
",000,False,000,False,False,False,1,158
"### | 6361 - 
",000,False,000,False,False,False,1,80
"### | 6362 - 
",000,False,000,False,False,False,1,74
"### | 6363 - 
",000,False,000,False,False,False,1,44
"### | 6364 - 
",000,False,000,False,False,False,1,59
"### | 6365 - 
",000,False,000,False,False,False,1,193
"### | 6366 - 
",000,False,000,False,False,False,1,50
"### | 6367 - 
",000,False,000,False,False,False,1,81
"### | 6368 - 
",000,False,000,False,False,False,1,53
"### | 6369 - 
",000,False,000,False,False,False,1,106
"### | 6370 - 
",000,False,000,False,False,False,1,42
"### | 6371 - 
",000,False,000,False,False,False,1,28
"### | 6372 - 
",000,False,000,False,False,False,1,48
"### | 6373 - 
",000,False,000,False,False,False,1,21
"### | 6374 - 
",000,False,000,False,False,False,1,55
"### | 6375 - 
",000,False,000,False,False,False,1,62
"### | 6376 - 
",000,False,000,False,False,False,1,42
"### | 6377 - 
",000,False,000,False,False,False,1,220
"### | 6378 - 
",000,False,000,False,False,False,1,117
"### | 6379 - 
",000,False,000,False,False,False,1,45
"### | 6380 - 
",000,False,000,False,False,False,1,151
"### | 6381 - 
",000,False,000,False,False,False,1,106
"### | 6382 - 
",000,False,000,False,False,False,1,116
"### | 6383 - 
",000,False,000,False,False,False,1,102
"### | 6384 - 
",000,False,000,False,False,False,1,47
"### | 6385 - 
",000,False,000,False,False,False,1,40
"### | 6386 - 
",000,False,000,False,False,False,1,55
"### | 6387 - 
",000,False,000,False,False,False,1,52
"### | 6388 - 
",000,False,000,False,False,False,1,54
"### | 6389 - 
",000,False,000,False,False,False,1,16
"### | 6390 - 
",000,False,000,False,False,False,1,24
"### | 6391 - 
",000,False,000,False,False,False,1,34
"### | 6392 - 
",000,False,000,False,False,False,1,90
"### | 6393 - 
",000,False,000,False,False,False,1,103
"### | 6394 - 
",000,False,000,False,False,False,1,67
"### | 6395 - 
",000,False,000,False,False,False,1,21
"### | 6396 - 
",000,False,000,False,False,False,1,72
"### | 6397 - 
",000,False,000,False,False,False,1,446
"### | 1 - 
",000,False,000,False,False,False,1,9
"### | 2 - 
",000,False,000,False,False,False,1,21
"### | 3 - 
",000,False,000,False,False,False,1,50
"### | 4 - 
",000,False,000,False,False,False,1,75
"### | 1 - 
",000,False,000,False,False,False,1,19
"### | 2 - 
",000,False,000,False,False,False,1,5
"### | 3 - 
",000,False,000,False,False,False,1,7
"### | 4 - 
",000,False,000,False,False,False,1,17
"### | 5 - 
",000,False,000,False,False,False,1,21
"### | 6 - 
",000,False,000,False,False,False,1,177
"### | فهرس مصادر التحقيق والدراسة
",000,False,000,False,False,False,1,8
"### | 1 - 
",000,False,000,False,False,False,1,23
"### | 2 - 
",000,False,000,False,False,False,1,19
"### | 3 - 
",000,False,000,False,False,False,1,20
"### | 4 - 
",000,False,000,False,False,False,1,27
"### | 5 - 
",000,False,000,False,False,False,1,14
"### | 6 - 
",000,False,000,False,False,False,1,15
"### | 7 - 
",000,False,000,False,False,False,1,23
"### | 8 - 
",000,False,000,False,False,False,1,16
"### | 9 - 
",000,False,000,False,False,False,1,17
"### | 10 - 
",000,False,000,False,False,False,1,17
"### | 11 - 
",000,False,000,False,False,False,1,25
"### | 12 - 
",000,False,000,False,False,False,1,27
"### | 13 - 
",000,False,000,False,False,False,1,15
"### | 14 - 
",000,False,000,False,False,False,1,14
"### | 15 - 
",000,False,000,False,False,False,1,18
"### | 16 - 
",000,False,000,False,False,False,1,24
"### | 17 - 
",000,False,000,False,False,False,1,17
"### | 18 - 
",000,False,000,False,False,False,1,12
"### | 19 - 
",000,False,000,False,False,False,1,15
"### | 20 - 
",000,False,000,False,False,False,1,23
"### | 21 - 
",000,False,000,False,False,False,1,13
"### | 22 - 
",000,False,000,False,False,False,1,44
"### | 23 - 
",000,False,000,False,False,False,1,23
"### | 24 - 
",000,False,000,False,False,False,1,22
"### | 25 - 
",000,False,000,False,False,False,1,16
"### | 26 - 
",000,False,000,False,False,False,1,26
"### | 27 - 
",000,False,000,False,False,False,1,18
"### | 28 - 
",000,False,000,False,False,False,1,11
"### | 29 - 
",000,False,000,False,False,False,1,19
"### | 30 - 
",000,False,000,False,False,False,1,25
"### | 31 - 
",000,False,000,False,False,False,1,14
"### | 32 - 
",000,False,000,False,False,False,1,14
"### | 33 - 
",000,False,000,False,False,False,1,17
"### | 34 - 
",000,False,000,False,False,False,1,15
"### | 35 - 
",000,False,000,False,False,False,1,30
"### | 36 - 
",000,False,000,False,False,False,1,28
"### | 37 - 
",000,False,000,False,False,False,1,13
"### | 38 - 
",000,False,000,False,False,False,1,24
"### | 39 - 
",000,False,000,False,False,False,1,15
"### | 40 - 
",000,False,000,False,False,False,1,31
"### | 41 - 
",000,False,000,False,False,False,1,15
"### | 42 - 
",000,False,000,False,False,False,1,13
"### | 43 - 
",000,False,000,False,False,False,1,14
"### | 44 - 
",000,False,000,False,False,False,1,23
"### | 45 - 
",000,False,000,False,False,False,1,20
"### | 46 - 
",000,False,000,False,False,False,1,21
"### | 47 - 
",000,False,000,False,False,False,1,28
"### | 48 - 
",000,False,000,False,False,False,1,24
"### | 49 - 
",000,False,000,False,False,False,1,11
"### | 50 - 
",000,False,000,False,False,False,1,21
"### | 51 - 
",000,False,000,False,False,False,1,20
"### | 52 - 
",000,False,000,False,False,False,1,14
"### | 53 - 
",000,False,000,False,False,False,1,15
"### | 54 - 
",000,False,000,False,False,False,1,23
"### | 55 - 
",000,False,000,False,False,False,1,17
"### | 56 - 
",000,False,000,False,False,False,1,28
"### | 57 - 
",000,False,000,False,False,False,1,33
"### | 58 - 
",000,False,000,False,False,False,1,23
"### | 59 - 
",000,False,000,False,False,False,1,17
"### | 60 - 
",000,False,000,False,False,False,1,24
"### | 61 - 
",000,False,000,False,False,False,1,29
"### | 62 - 
",000,False,000,False,False,False,1,19
"### | 63 - 
",000,False,000,False,False,False,1,26
"### | 64 - 
",000,False,000,False,False,False,1,15
"### | 65 - 
",000,False,000,False,False,False,1,25
"### | 66 - 
",000,False,000,False,False,False,1,18
"### | 67 - 
",000,False,000,False,False,False,1,21
"### | 68 - 
",000,False,000,False,False,False,1,27
"### | 69 - 
",000,False,000,False,False,False,1,11
"### | 70 - 
",000,False,000,False,False,False,1,32
"### | 71 - 
",000,False,000,False,False,False,1,38
"### | 72 - 
",000,False,000,False,False,False,1,19
"### | 73 - 
",000,False,000,False,False,False,1,15
"### | 74 - 
",000,False,000,False,False,False,1,23
"### | 75 - 
",000,False,000,False,False,False,1,17
"### | 76 - 
",000,False,000,False,False,False,1,23
"### | 77 - 
",000,False,000,False,False,False,1,11
"### | 78 - 
",000,False,000,False,False,False,1,28
"### | 79 - 
",000,False,000,False,False,False,1,11
"### | 80 - 
",000,False,000,False,False,False,1,14
"### | 81 - 
",000,False,000,False,False,False,1,25
"### | 82 - 
",000,False,000,False,False,False,1,23
"### | 83 - 
",000,False,000,False,False,False,1,13
"### | 84 - 
",000,False,000,False,False,False,1,12
"### | 85 - 
",000,False,000,False,False,False,1,11
"### | 86 - 
",000,False,000,False,False,False,1,12
"### | 87 - 
",000,False,000,False,False,False,1,28
"### | 88 - 
",000,False,000,False,False,False,1,13
"### | 89 - 
",000,False,000,False,False,False,1,19
"### | 90 - 
",000,False,000,False,False,False,1,15
"### | 91 - 
",000,False,000,False,False,False,1,15
"### | 92 - 
",000,False,000,False,False,False,1,17
"### | 93 - 
",000,False,000,False,False,False,1,23
"### | 94 - 
",000,False,000,False,False,False,1,11
"### | 95 - 
",000,False,000,False,False,False,1,10
"### | 96 - 
",000,False,000,False,False,False,1,17
"### | 97 - 
",000,False,000,False,False,False,1,19
"### | 98 - 
",000,False,000,False,False,False,1,17
"### | 99 - 
",000,False,000,False,False,False,1,20
"### | 100 - 
",000,False,000,False,False,False,1,7
"### | 101 - 
",000,False,000,False,False,False,1,11
"### | 102 - 
",000,False,000,False,False,False,1,15
"### | 103 - 
",000,False,000,False,False,False,1,14
"### | 104 - 
",000,False,000,False,False,False,1,14
"### | 105 - 
",000,False,000,False,False,False,1,15
"### | 106 - 
",000,False,000,False,False,False,1,20
"### | 107 - 
",000,False,000,False,False,False,1,11
"### | 108 - 
",000,False,000,False,False,False,1,17
"### | 109 - 
",000,False,000,False,False,False,1,17
"### | 110 - 
",000,False,000,False,False,False,1,17
"### | 111 - 
",000,False,000,False,False,False,1,21
"### | 112 - 
",000,False,000,False,False,False,1,33
"### | 113 - 
",000,False,000,False,False,False,1,12
"### | 114 - 
",000,False,000,False,False,False,1,31
"### | 115 - 
",000,False,000,False,False,False,1,13
"### | 116 - 
",000,False,000,False,False,False,1,15
"### | 117 - 
",000,False,000,False,False,False,1,19
"### | 118 - 
",000,False,000,False,False,False,1,32
"### | 119 - 
",000,False,000,False,False,False,1,27
"### | 120 - 
",000,False,000,False,False,False,1,21
"### | 121 - 
",000,False,000,False,False,False,1,13
"### | 122 - 
",000,False,000,False,False,False,1,15
"### | 123 - 
",000,False,000,False,False,False,1,12
"### | 124 - 
",000,False,000,False,False,False,1,12
"### | 125 - 
",000,False,000,False,False,False,1,23
"### | 126 - 
",000,False,000,False,False,False,1,19
"### | 127 - 
",000,False,000,False,False,False,1,30
"### | 128 - 
",000,False,000,False,False,False,1,17
"### | 129 - 
",000,False,000,False,False,False,1,21
"### | 130 - 
",000,False,000,False,False,False,1,25
"### | 131 - 
",000,False,000,False,False,False,1,19
"### | 132 - 
",000,False,000,False,False,False,1,19
"### | 133 - 
",000,False,000,False,False,False,1,25
"### | 134 - 
",000,False,000,False,False,False,1,30
"### | 135 - 
",000,False,000,False,False,False,1,19
"### | 136 - 
",000,False,000,False,False,False,1,22
"### | 137 - 
",000,False,000,False,False,False,1,17
"### | 138 - 
",000,False,000,False,False,False,1,11
"### | 139 - 
",000,False,000,False,False,False,1,13
"### | 145 - 
",000,False,000,False,False,False,1,7
"### | 141 - 
",000,False,000,False,False,False,1,21
"### | 142 - 
",000,False,000,False,False,False,1,11
"### | 143 - 
",000,False,000,False,False,False,1,11
"### | 144 - 
",000,False,000,False,False,False,1,18
"### | 145 - 
",000,False,000,False,False,False,1,25
"### | 146 - 
",000,False,000,False,False,False,1,13
"### | 147 - 
",000,False,000,False,False,False,1,13
"### | 148 - 
",000,False,000,False,False,False,1,20
"### | 149 - 
",000,False,000,False,False,False,1,19
"### | 150 - 
",000,False,000,False,False,False,1,15
"### | 151 - 
",000,False,000,False,False,False,1,21
"### | 152 - 
",000,False,000,False,False,False,1,23
"### | 153 - 
",000,False,000,False,False,False,1,15
"### | 154 - 
",000,False,000,False,False,False,1,23
"### | 155 - 
",000,False,000,False,False,False,1,11
"### | 156 - 
",000,False,000,False,False,False,1,23
"### | 157 - 
",000,False,000,False,False,False,1,24
"### | 158 - 
",000,False,000,False,False,False,1,17
"### | 159 - 
",000,False,000,False,False,False,1,16
"### | 160 - 
",000,False,000,False,False,False,1,34
"### | 161 - 
",000,False,000,False,False,False,1,20
"### | 162 - 
",000,False,000,False,False,False,1,13
"### | 163 - 
",000,False,000,False,False,False,1,15
"### | 164 - 
",000,False,000,False,False,False,1,15
"### | 165 - 
",000,False,000,False,False,False,1,12
"### | 166 - 
",000,False,000,False,False,False,1,17
"### | 167 - 
",000,False,000,False,False,False,1,13
"### | 168 - 
",000,False,000,False,False,False,1,19
"### | 169 - 
",000,False,000,False,False,False,1,37
"### | 170 - 
",000,False,000,False,False,False,1,21
"### | 171 - 
",000,False,000,False,False,False,1,15
"### | 172 - 
",000,False,000,False,False,False,1,20
"### | 173 - 
",000,False,000,False,False,False,1,25
"### | 174 - 
",000,False,000,False,False,False,1,11
"### | 175 - 
",000,False,000,False,False,False,1,18
"### | 176 - 
",000,False,000,False,False,False,1,35
"### | 177 - 
",000,False,000,False,False,False,1,7
"### | 178 - 
",000,False,000,False,False,False,1,13
"### | 179 - 
",000,False,000,False,False,False,1,13
"### | 180 - 
",000,False,000,False,False,False,1,21
"### | 181 - 
",000,False,000,False,False,False,1,13
"### | 182 - 
",000,False,000,False,False,False,1,13
"### | 183 - 
",000,False,000,False,False,False,1,22
"### | 184 - 
",000,False,000,False,False,False,1,12
"### | 185 - 
",000,False,000,False,False,False,1,12
"### | 186 - 
",000,False,000,False,False,False,1,23
"### | 187 - 
",000,False,000,False,False,False,1,19
"### | 188 - 
",000,False,000,False,False,False,1,13
"### | 189 - 
",000,False,000,False,False,False,1,15
"### | 190 - 
",000,False,000,False,False,False,1,12
"### | 191 - 
",000,False,000,False,False,False,1,19
"### | 192 - 
",000,False,000,False,False,False,1,23
"### | 193 - 
",000,False,000,False,False,False,1,15
"### | 194 - 
",000,False,000,False,False,False,1,13
"### | 195 - 
",000,False,000,False,False,False,1,14
"### | 196 - 
",000,False,000,False,False,False,1,14
"### | 197 - 
",000,False,000,False,False,False,1,21
"### | 198 - 
",000,False,000,False,False,False,1,21
"### | 199 - 
",000,False,000,False,False,False,1,12
"### | 200 - 
",000,False,000,False,False,False,1,19
"### | 201 - 
",000,False,000,False,False,False,1,13
"### | 202 - 
",000,False,000,False,False,False,1,17
"### | 203 - 
",000,False,000,False,False,False,1,26
"### | 204 - 
",000,False,000,False,False,False,1,15
"### | 205 - 
",000,False,000,False,False,False,1,13
"### | 206 - 
",000,False,000,False,False,False,1,28
"### | 207 - 
",000,False,000,False,False,False,1,19
"### | 208 - 
",000,False,000,False,False,False,1,11
"### | 209 - 
",000,False,000,False,False,False,1,15
"### | 210 - 
",000,False,000,False,False,False,1,11
"### | 211 - 
",000,False,000,False,False,False,1,13
"### | 212 - 
",000,False,000,False,False,False,1,17
"### | 213 - 
",000,False,000,False,False,False,1,9
"### | 214 - 
",000,False,000,False,False,False,1,17
"### | 215 - 
",000,False,000,False,False,False,1,15
"### | 216 - 
",000,False,000,False,False,False,1,17
"### | 217 - 
",000,False,000,False,False,False,1,25
"### | 218 - 
",000,False,000,False,False,False,1,19
"### | 219 - 
",000,False,000,False,False,False,1,19
"### | 220 - 
",000,False,000,False,False,False,1,13
"### | 221 - 
",000,False,000,False,False,False,1,15
"### | 222 - 
",000,False,000,False,False,False,1,20
"### | 223 - 
",000,False,000,False,False,False,1,11
"### | 224 - 
",000,False,000,False,False,False,1,18
"### | 225 - 
",000,False,000,False,False,False,1,16
"### | 226 - 
",000,False,000,False,False,False,1,19
"### | 227 - 
",000,False,000,False,False,False,1,12
"### | 228 - 
",000,False,000,False,False,False,1,23
"### | 229 - 
",000,False,000,False,False,False,1,21
"### | 230 - 
",000,False,000,False,False,False,1,13
"### | 231 - 
",000,False,000,False,False,False,1,19
"### | 232 - 
",000,False,000,False,False,False,1,23
"### | 233 - 
",000,False,000,False,False,False,1,13
"### | 234 - 
",000,False,000,False,False,False,1,21
"### | 235 - 
",000,False,000,False,False,False,1,7
"### | 236 - 
",000,False,000,False,False,False,1,11
"### | 237 - 
",000,False,000,False,False,False,1,21
"### | 238 - 
",000,False,000,False,False,False,1,14
"### | 239 - 
",000,False,000,False,False,False,1,21
"### | 240 - 
",000,False,000,False,False,False,1,21
"### | 241 - 
",000,False,000,False,False,False,1,23
"### | 242 - 
",000,False,000,False,False,False,1,17
"### | 243 - 
",000,False,000,False,False,False,1,26
"### | 244 - 
",000,False,000,False,False,False,1,24
"### | 245 - 
",000,False,000,False,False,False,1,7
"### | 246 - 
",000,False,000,False,False,False,1,19
"### | 247 - 
",000,False,000,False,False,False,1,8
"### | 248 - 
",000,False,000,False,False,False,1,30
"### | 249 - 
",000,False,000,False,False,False,1,19
"### | 250 - 
",000,False,000,False,False,False,1,23
"### | 251 - 
",000,False,000,False,False,False,1,33
"### | 252 - 
",000,False,000,False,False,False,1,16
"### | 253 - 
",000,False,000,False,False,False,1,25
"### | 254 - 
",000,False,000,False,False,False,1,15
"### | 255 - 
",000,False,000,False,False,False,1,19
"### | 256 - 
",000,False,000,False,False,False,1,23
"### | 257 - 
",000,False,000,False,False,False,1,14
"### | 258 - 
",000,False,000,False,False,False,1,15
"### | 259 - 
",000,False,000,False,False,False,1,14
"### | 260 - 
",000,False,000,False,False,False,1,12
"### | 261 - 
",000,False,000,False,False,False,1,23
"### | 262 - 
",000,False,000,False,False,False,1,19
"### | 263 - 
",000,False,000,False,False,False,1,22
"### | 264 - 
",000,False,000,False,False,False,1,21
"### | 265 - 
",000,False,000,False,False,False,1,23
"### | 266 - 
",000,False,000,False,False,False,1,18
"### | 267 - 
",000,False,000,False,False,False,1,26
"### | 268 - 
",000,False,000,False,False,False,1,23
"### | 269 - 
",000,False,000,False,False,False,1,17
"### | 270 - 
",000,False,000,False,False,False,1,23
